0,0.490407
20,0.386131
40,0.410504
60,0.337069
80,0.395067
100,0.176534
120,0.279856
140,0.119517
160,0.345360
180,0.274200
200,0.118340
220,0.315615
240,0.261540
260,0.264279
280,0.294515
300,0.269316
320,0.284707
340,0.260108
360,0.135381
380,0.132513
400,0.271660
420,0.261329
440,0.267307
460,0.265037
480,0.269533
500,0.268521
520,0.128287
540,0.262938
560,0.267519
580,0.267764
600,0.262319
620,0.267433
640,0.113566
660,0.113261
680,0.108403
700,0.268389
720,0.264145
740,0.102351
760,0.261862
780,0.266647
800,0.266391
820,0.267554
840,0.266344
860,0.082415
880,0.267266
900,0.075417
920,0.271811
940,0.267690
960,0.066059
980,0.265032
1000,0.060203
1020,0.259054
1040,0.054231
1060,0.264971
1080,0.265430
1100,0.263927
1120,0.047418
1140,0.265888
1160,0.261875
1180,0.260947
1200,0.278478
1220,0.278190
1240,0.258709
1260,0.264095
1280,0.037420
1300,0.254724
1320,0.264517
1340,0.034957
1360,0.263757
1380,0.258360
1400,0.263238
1420,0.257732
1440,0.261535
1460,0.030825
1480,0.263593
1500,0.249977
1520,0.029933
1540,0.278206
1560,0.028662
1580,0.259883
1600,0.261413
1620,0.277767
1640,0.027691
1660,0.249036
1680,0.249083
1700,0.253144
1720,0.278173
1740,0.246701
1760,0.256074
1780,0.278261
1800,0.278375
1820,0.025270
1840,0.242507
1860,0.024509
1880,0.278393
1900,0.024479
1920,0.234546
1940,0.234211
1960,0.279262
1980,0.023749
2000,0.245938
2020,0.023393
2040,0.244134
2060,0.244373
2080,0.242207
2100,0.240551
2120,0.281996
2140,0.228666
2160,0.022320
2180,0.227712
2200,0.022026
2220,0.284183
2240,0.284288
2260,0.225786
2280,0.225410
2300,0.222321
2320,0.020904
2340,0.287706
2360,0.223495
2380,0.020713
2400,0.020554
2420,0.020107
2440,0.212621
2460,0.216158
2480,0.292748
2500,0.209056
2520,0.211643
2540,0.295316
2560,0.018814
2580,0.297204
2600,0.202286
2620,0.018410
2640,0.199749
2660,0.197904
2680,0.200640
2700,0.303214
2720,0.205089
2740,0.017032
2760,0.016796
2780,0.194775
2800,0.203168
2820,0.193315
2840,0.190863
2860,0.015665
2880,0.189672
2900,0.188745
2920,0.015078
2940,0.314727
2960,0.314980
2980,0.180449
3000,0.014382
3020,0.182349
3040,0.014073
3060,0.177416
3080,0.319189
3100,0.194185
3120,0.196797
3140,0.193029
3160,0.195997
3180,0.178973
3200,0.013132
3220,0.195744
3240,0.192452
3260,0.176410
3280,0.195345
3300,0.322421
3320,0.191634
3340,0.322992
3360,0.194489
3380,0.174624
3400,0.174571
3420,0.012221
3440,0.323601
3460,0.193491
3480,0.190339
3500,0.173822
3520,0.011851
3540,0.011783
3560,0.011756
3580,0.324203
3600,0.172377
3620,0.324775
3640,0.324846
3660,0.171286
3680,0.167658
3700,0.188204
3720,0.325035
3740,0.011195
3760,0.011140
3780,0.324221
3800,0.011041
3820,0.191224
3840,0.324548
3860,0.170230
3880,0.010844
3900,0.190472
3920,0.171566
3940,0.170978
3960,0.010695
3980,0.187640
4000,0.323703
4020,0.323665
4040,0.169685
4060,0.187819
4080,0.010391
4100,0.323480
4120,0.189794
4140,0.010213
4160,0.190305
4180,0.010124
4200,0.190000
4220,0.189248
4240,0.186611
4260,0.186273
4280,0.169434
4300,0.009918
4320,0.190422
4340,0.169566
4360,0.323082
4380,0.009720
4400,0.169080
4420,0.164379
4440,0.009581
4460,0.009556
4480,0.322589
4500,0.188879
4520,0.168623
4540,0.321856
4560,0.009365
4580,0.322595
4600,0.322546
4620,0.322378
4640,0.164898
4660,0.168651
4680,0.009152
4700,0.184463
4720,0.009078
4740,0.321139
4760,0.188913
4780,0.321069
4800,0.167791
4820,0.008907
4840,0.008862
4860,0.008833
4880,0.168588
4900,0.164227
4920,0.186398
4940,0.167607
4960,0.186730
4980,0.320774
5000,0.008650
5020,0.321074
5040,0.167848
5060,0.008562
5080,0.183646
5100,0.164041
5120,0.167468
5140,0.183977
5160,0.167588
5180,0.008386
5200,0.008325
5220,0.320360
5240,0.186768
5260,0.164040
5280,0.166648
5300,0.319763
5320,0.008169
5340,0.008166
5360,0.186845
5380,0.163152
5400,0.008093
5420,0.319776
5440,0.319320
5460,0.319189
5480,0.186748
5500,0.007941
5520,0.181239
5540,0.167438
5560,0.007893
5580,0.182132
5600,0.007811
5620,0.318280
5640,0.182693
5660,0.319017
5680,0.182990
5700,0.318814
5720,0.318811
5740,0.185547
5760,0.007658
5780,0.185087
5800,0.182999
5820,0.317717
5840,0.317723
5860,0.007516
5880,0.165977
5900,0.007504
5920,0.166190
5940,0.007437
5960,0.007413
5980,0.181404
6000,0.318050
6020,0.166252
6040,0.317567
6060,0.317783
6080,0.317454
6100,0.181684
6120,0.007281
6140,0.165809
6160,0.007244
6180,0.162701
6200,0.180898
6220,0.317161
6240,0.181400
6260,0.316704
6280,0.317167
6300,0.183891
6320,0.180727
6340,0.166268
6360,0.317110
6380,0.179556
6400,0.165885
6420,0.316904
6440,0.006975
6460,0.180944
6480,0.164870
6500,0.316628
6520,0.316555
6540,0.180787
6560,0.165558
6580,0.006860
6600,0.315836
6620,0.006806
6640,0.315648
6660,0.183121
6680,0.316264
6700,0.006734
6720,0.006709
6740,0.165686
6760,0.183220
6780,0.183160
6800,0.161620
6820,0.315174
6840,0.315286
6860,0.180286
6880,0.006591
6900,0.315709
6920,0.165672
6940,0.182271
6960,0.315305
6980,0.165545
7000,0.006499
7020,0.182885
7040,0.165903
7060,0.314652
7080,0.183133
7100,0.161733
7120,0.315137
7140,0.314858
7160,0.314857
7180,0.314745
7200,0.164368
7220,0.164845
7240,0.006349
7260,0.314215
7280,0.182455
7300,0.182664
7320,0.182639
7340,0.182736
7360,0.006250
7380,0.314625
7400,0.163897
7420,0.163786
7440,0.164620
7460,0.006197
7480,0.179401
7500,0.006147
7520,0.314027
7540,0.006125
7560,0.313966
7580,0.313446
7600,0.313838
7620,0.313837
7640,0.006059
7660,0.181249
7680,0.313427
7700,0.313442
7720,0.006021
7740,0.177618
7760,0.006008
7780,0.313202
7800,0.313745
7820,0.005947
7840,0.313491
7860,0.313336
7880,0.163987
7900,0.164665
7920,0.161077
7940,0.312781
7960,0.160981
7980,0.177924
8000,0.161310
8020,0.005831
8040,0.163957
8060,0.005811
8080,0.313089
8100,0.164126
8120,0.005799
8140,0.005774
8160,0.312488
8180,0.179981
8200,0.005742
8220,0.160746
8240,0.312928
8260,0.312575
8280,0.160084
8300,0.181571
8320,0.005666
8340,0.005677
8360,0.312089
8380,0.177603
8400,0.005623
8420,0.163336
8440,0.312121
8460,0.312194
8480,0.312490
8500,0.312200
8520,0.312154
8540,0.181089
8560,0.181355
8580,0.180877
8600,0.005547
8620,0.005538
8640,0.005525
8660,0.311735
8680,0.180601
8700,0.312050
8720,0.177841
8740,0.311372
8760,0.312006
8780,0.180569
8800,0.177160
8820,0.311870
8840,0.180886
8860,0.311868
8880,0.164588
8900,0.311044
8920,0.163847
8940,0.160070
8960,0.005353
8980,0.005364
9000,0.180620
9020,0.311561
9040,0.177204
9060,0.005313
9080,0.163774
9100,0.311329
9120,0.310724
9140,0.180007
9160,0.163289
9180,0.180441
9200,0.179190
9220,0.311153
9240,0.310521
9260,0.176636
9280,0.005212
9300,0.180165
9320,0.180432
9340,0.310403
9360,0.176423
9380,0.310853
9400,0.177056
9420,0.176585
9440,0.163729
9460,0.005143
9480,0.180085
9500,0.176513
9520,0.180302
9540,0.163493
9560,0.159691
9580,0.005103
9600,0.179007
9620,0.163710
9640,0.164130
9660,0.005071
9680,0.163073
9700,0.005042
9720,0.163666
9740,0.005039
9760,0.163083
9780,0.178873
9800,0.309610
9820,0.310173
9840,0.162038
9860,0.175821
9880,0.004983
9900,0.309433
9920,0.176377
9940,0.004943
9960,0.178600
9980,0.309704
10000,0.162858
10020,0.309726
10040,0.309949
10060,0.004900
10080,0.178369
10100,0.163618
10120,0.004885
10140,0.163489
10160,0.162711
10180,0.309680
10200,0.004856
10220,0.308891
10240,0.309274
10260,0.162515
10280,0.004827
10300,0.177630
10320,0.163572
10340,0.004800
10360,0.308884
10380,0.162429
10400,0.309164
10420,0.309046
10440,0.162556
10460,0.175572
10480,0.309020
10500,0.308878
10520,0.308860
10540,0.308950
10560,0.162464
10580,0.177868
10600,0.004730
10620,0.004711
10640,0.308436
10660,0.004699
10680,0.308718
10700,0.178360
10720,0.308301
10740,0.158995
10760,0.158653
10780,0.004670
10800,0.177447
10820,0.308176
10840,0.004632
10860,0.175078
10880,0.308059
10900,0.173946
10920,0.004615
10940,0.177792
10960,0.162385
10980,0.308291
11000,0.004600
11020,0.004578
11040,0.307884
11060,0.162705
11080,0.307871
11100,0.158976
11120,0.308093
11140,0.177739
11160,0.162508
11180,0.177778
11200,0.161810
11220,0.307647
11240,0.004515
11260,0.308235
11280,0.163176
11300,0.162500
11320,0.004499
11340,0.004484
11360,0.307783
11380,0.004482
11400,0.308111
11420,0.307412
11440,0.004458
11460,0.307686
11480,0.175190
11500,0.162643
11520,0.161623
11540,0.307573
11560,0.307868
11580,0.307815
11600,0.004411
11620,0.307185
11640,0.307147
11660,0.004395
11680,0.307142
11700,0.162084
11720,0.004373
11740,0.307431
11760,0.176654
11780,0.173722
11800,0.004347
11820,0.161752
11840,0.004342
11860,0.162168
11880,0.307462
11900,0.158139
11920,0.178082
11940,0.307085
11960,0.307041
11980,0.172883
12000,0.306741
12020,0.307038
12040,0.306888
12060,0.161862
12080,0.004280
12100,0.162119
12120,0.157794
12140,0.004271
12160,0.158061
12180,0.162158
12200,0.004244
12220,0.307044
12240,0.157670
12260,0.306917
12280,0.177330
12300,0.177168
12320,0.161496
12340,0.157873
12360,0.161430
12380,0.004204
12400,0.004208
12420,0.173432
12440,0.158266
12460,0.306465
12480,0.306512
12500,0.004170
12520,0.173127
12540,0.306707
12560,0.004169
12580,0.158299
12600,0.306290
12620,0.004146
12640,0.305958
12660,0.173163
12680,0.306157
12700,0.305841
12720,0.175907
12740,0.176725
12760,0.162339
12780,0.306131
12800,0.161317
12820,0.176298
12840,0.176034
12860,0.004091
12880,0.004095
12900,0.306331
12920,0.004076
12940,0.162319
12960,0.161869
12980,0.306158
13000,0.176486
13020,0.161776
13040,0.306023
13060,0.157521
13080,0.161322
13100,0.305703
13120,0.173627
13140,0.161142
13160,0.305465
13180,0.004025
13200,0.176312
13220,0.161511
13240,0.161450
13260,0.157957
13280,0.003990
13300,0.172598
13320,0.157304
13340,0.176577
13360,0.305245
13380,0.176201
13400,0.305493
13420,0.305145
13440,0.003959
13460,0.172376
13480,0.305379
13500,0.176090
13520,0.305023
13540,0.158348
13560,0.175537
13580,0.305030
13600,0.175065
13620,0.175440
13640,0.003913
13660,0.175199
13680,0.003911
13700,0.175478
13720,0.158571
13740,0.003894
13760,0.003903
13780,0.175265
13800,0.304752
13820,0.172072
13840,0.161373
13860,0.003883
13880,0.305016
13900,0.003874
13920,0.304718
13940,0.161753
13960,0.161226
13980,0.175999
14000,0.304959
14020,0.003842
14040,0.003836
14060,0.003839
14080,0.305000
14100,0.157022
14120,0.003825
14140,0.172972
14160,0.157376
14180,0.157379
14200,0.304688
14220,0.304897
14240,0.304876
14260,0.304351
14280,0.304586
14300,0.304802
14320,0.174601
14340,0.304520
14360,0.304512
14380,0.172129
14400,0.304211
14420,0.304601
14440,0.158051
14460,0.161072
14480,0.003760
14500,0.175753
14520,0.161610
14540,0.175187
14560,0.161014
14580,0.172142
14600,0.161552
14620,0.304008
14640,0.003720
14660,0.156989
14680,0.303871
14700,0.160518
14720,0.174928
14740,0.160664
14760,0.175785
14780,0.160753
14800,0.003693
14820,0.160877
14840,0.161065
14860,0.173992
14880,0.003687
14900,0.303692
14920,0.003668
14940,0.003675
14960,0.174455
14980,0.304001
15000,0.173674
15020,0.303687
15040,0.173600
15060,0.003654
15080,0.304101
15100,0.156832
15120,0.003642
15140,0.171431
15160,0.157179
15180,0.003625
15200,0.161424
15220,0.171126
15240,0.172131
15260,0.174020
15280,0.160813
15300,0.160830
15320,0.173812
15340,0.174350
15360,0.303872
15380,0.003588
15400,0.174303
15420,0.003594
15440,0.303328
15460,0.173589
15480,0.003583
15500,0.303719
15520,0.003563
15540,0.003560
15560,0.303153
15580,0.157024
15600,0.174739
15620,0.159920
15640,0.303485
15660,0.303571
15680,0.160768
15700,0.003545
15720,0.003534
15740,0.160975
15760,0.003528
15780,0.170207
15800,0.157097
15820,0.303228
15840,0.003522
15860,0.003512
15880,0.160575
15900,0.160987
15920,0.159978
15940,0.160633
15960,0.159904
15980,0.174195
16000,0.173082
16020,0.302859
16040,0.170684
16060,0.003489
16080,0.302653
16100,0.303008
16120,0.170430
16140,0.302949
16160,0.174390
16180,0.303046
16200,0.302567
16220,0.173112
16240,0.160931
16260,0.303032
16280,0.157076
16300,0.173392
16320,0.302532
16340,0.302495
16360,0.003436
16380,0.156688
16400,0.003426
16420,0.174969
16440,0.156629
16460,0.159946
16480,0.173361
16500,0.003418
16520,0.003414
16540,0.302278
16560,0.003407
16580,0.302603
16600,0.003402
16620,0.003406
16640,0.003403
16660,0.174761
16680,0.174606
16700,0.170075
16720,0.160381
16740,0.302457
16760,0.302154
16780,0.159876
16800,0.302368
16820,0.003366
16840,0.003373
16860,0.157208
16880,0.161001
16900,0.173434
16920,0.003361
16940,0.302530
16960,0.003356
16980,0.156781
17000,0.003343
17020,0.003340
17040,0.159858
17060,0.159790
17080,0.156083
17100,0.158975
17120,0.159781
17140,0.003319
17160,0.302119
17180,0.156123
17200,0.003312
17220,0.003314
17240,0.301684
17260,0.159072
17280,0.003306
17300,0.003309
17320,0.160398
17340,0.003293
17360,0.160237
17380,0.003288
17400,0.003290
17420,0.003287
17440,0.003290
17460,0.301582
17480,0.003279
17500,0.003272
17520,0.172430
17540,0.173121
17560,0.302008
17580,0.302058
17600,0.301447
17620,0.301450
17640,0.171122
17660,0.159121
17680,0.003258
17700,0.301604
17720,0.003243
17740,0.003241
17760,0.172911
17780,0.160142
17800,0.160079
17820,0.172739
17840,0.172817
17860,0.003236
17880,0.003233
17900,0.173109
17920,0.301518
17940,0.301213
17960,0.173089
17980,0.003220
18000,0.173025
18020,0.159849
18040,0.003201
18060,0.301155
18080,0.003198
18100,0.301642
18120,0.301144
18140,0.172236
18160,0.173012
18180,0.172960
18200,0.301411
18220,0.003186
18240,0.301069
18260,0.301503
18280,0.159413
18300,0.003181
18320,0.003168
18340,0.301303
18360,0.301514
18380,0.300998
18400,0.301444
18420,0.171597
18440,0.168759
18460,0.171901
18480,0.301114
18500,0.003146
18520,0.156060
18540,0.300835
18560,0.301365
18580,0.169440
18600,0.172391
18620,0.169946
18640,0.172504
18660,0.301052
18680,0.171868
18700,0.301211
18720,0.155862
18740,0.003122
18760,0.003120
18780,0.172031
18800,0.159707
18820,0.155879
18840,0.300895
18860,0.300884
18880,0.003101
18900,0.172522
18920,0.159671
18940,0.159888
18960,0.155951
18980,0.300790
19000,0.156120
19020,0.003086
19040,0.172590
19060,0.172067
19080,0.300467
19100,0.003082
19120,0.300423
19140,0.300376
19160,0.169642
19180,0.169174
19200,0.003065
19220,0.300626
19240,0.155495
19260,0.171973
19280,0.003067
19300,0.171763
19320,0.168750
19340,0.171643
19360,0.171598
19380,0.300613
19400,0.003052
19420,0.003050
19440,0.159443
19460,0.003040
19480,0.172287
19500,0.300187
19520,0.155383
19540,0.300087
19560,0.169396
19580,0.300171
19600,0.300314
19620,0.156010
19640,0.156082
19660,0.159743
19680,0.172234
19700,0.172518
19720,0.159674
19740,0.300355
19760,0.003012
19780,0.159205
19800,0.300260
19820,0.300475
19840,0.299940
19860,0.299930
19880,0.172365
19900,0.172141
19920,0.171735
19940,0.002988
19960,0.300116
19980,0.300134
20000,0.159374
20020,0.158887
20040,0.002977
20060,0.154676
20080,0.172850
20100,0.171945
20120,0.159536
20140,0.158708
20160,0.160069
20180,0.002958
20200,0.299970
20220,0.002955
20240,0.171826
20260,0.169340
20280,0.002957
20300,0.002955
20320,0.158878
20340,0.159141
20360,0.299937
20380,0.299607
20400,0.002941
20420,0.159303
20440,0.171201
20460,0.170448
20480,0.158992
20500,0.168984
20520,0.155561
20540,0.158092
20560,0.002921
20580,0.167960
20600,0.299793
20620,0.299730
20640,0.002922
20660,0.299925
20680,0.155181
20700,0.169327
20720,0.002913
20740,0.155274
20760,0.159004
20780,0.159023
20800,0.299619
20820,0.171124
20840,0.299900
20860,0.168793
20880,0.158625
20900,0.002897
20920,0.299737
20940,0.299305
20960,0.167616
20980,0.002885
21000,0.002887
21020,0.158940
21040,0.159089
21060,0.002873
21080,0.158620
21100,0.299160
21120,0.299199
21140,0.299159
21160,0.299633
21180,0.168819
21200,0.002864
21220,0.171014
21240,0.158828
21260,0.171329
21280,0.171272
21300,0.299059
21320,0.299564
21340,0.299549
21360,0.002846
21380,0.002845
21400,0.002842
21420,0.168051
21440,0.156623
21460,0.002840
21480,0.170856
21500,0.172032
21520,0.298869
21540,0.298818
21560,0.171323
21580,0.299194
21600,0.299362
21620,0.299147
21640,0.159379
21660,0.156724
21680,0.159656
21700,0.298882
21720,0.298809
21740,0.002814
21760,0.298850
21780,0.155273
21800,0.298797
21820,0.298992
21840,0.298942
21860,0.168150
21880,0.299178
21900,0.158596
21920,0.168067
21940,0.166959
21960,0.002790
21980,0.298725
22000,0.158739
22020,0.158459
22040,0.168567
22060,0.298559
22080,0.168314
22100,0.171234
22120,0.002779
22140,0.154910
22160,0.158836
22180,0.298785
22200,0.298650
22220,0.167337
22240,0.298811
22260,0.158562
22280,0.170930
22300,0.298568
22320,0.002766
22340,0.172086
22360,0.002758
22380,0.157816
22400,0.002751
22420,0.158812
22440,0.298640
22460,0.154725
22480,0.002754
22500,0.002747
22520,0.167668
22540,0.170933
22560,0.155388
22580,0.298867
22600,0.002735
22620,0.002737
22640,0.157588
22660,0.171953
22680,0.002732
22700,0.168564
22720,0.171883
22740,0.153517
22760,0.002722
22780,0.298466
22800,0.298469
22820,0.158490
22840,0.002723
22860,0.002714
22880,0.298188
22900,0.002715
22920,0.298189
22940,0.158429
22960,0.171422
22980,0.298081
23000,0.158736
23020,0.167962
23040,0.170824
23060,0.298607
23080,0.167719
23100,0.170482
23120,0.298499
23140,0.297969
23160,0.158091
23180,0.158125
23200,0.298270
23220,0.002691
23240,0.154165
23260,0.298166
23280,0.298022
23300,0.155590
23320,0.158103
23340,0.158402
23360,0.298190
23380,0.002675
23400,0.298386
23420,0.002676
23440,0.297862
23460,0.159172
23480,0.297809
23500,0.002666
23520,0.298072
23540,0.002667
23560,0.298091
23580,0.002656
23600,0.298045
23620,0.170292
23640,0.170936
23660,0.170746
23680,0.002649
23700,0.002651
23720,0.158424
23740,0.297736
23760,0.002643
23780,0.167062
23800,0.002643
23820,0.298236
23840,0.298238
23860,0.002639
23880,0.158760
23900,0.002640
23920,0.002634
23940,0.154471
23960,0.170751
23980,0.167006
24000,0.002625
24020,0.154830
24040,0.002621
24060,0.297895
24080,0.158271
24100,0.002617
24120,0.297742
24140,0.297711
24160,0.002620
24180,0.158604
24200,0.297764
24220,0.154842
24240,0.157923
24260,0.167269
24280,0.297696
24300,0.167315
24320,0.297359
24340,0.297693
24360,0.157778
24380,0.297671
24400,0.158359
24420,0.169930
24440,0.170172
24460,0.002591
24480,0.166836
24500,0.166735
24520,0.297325
24540,0.297315
24560,0.002584
24580,0.166000
24600,0.159243
24620,0.297801
24640,0.002584
24660,0.297238
24680,0.158660
24700,0.169914
24720,0.158916
24740,0.002577
24760,0.002568
24780,0.167542
24800,0.297429
24820,0.002571
24840,0.002570
24860,0.157708
24880,0.002567
24900,0.002565
24920,0.158219
24940,0.169831
24960,0.169705
24980,0.157556
25000,0.297086
25020,0.171033
25040,0.002548
25060,0.297591
25080,0.169310
25100,0.168823
25120,0.169710
25140,0.168687
25160,0.002539
25180,0.002541
25200,0.158417
25220,0.154382
25240,0.154024
25260,0.165868
25280,0.169980
25300,0.002533
25320,0.166739
25340,0.154816
25360,0.170420
25380,0.296920
25400,0.158841
25420,0.159220
25440,0.297156
25460,0.169170
25480,0.158254
25500,0.002517
25520,0.002523
25540,0.157865
25560,0.002520
25580,0.002514
25600,0.296846
25620,0.158394
25640,0.002507
25660,0.296735
25680,0.002511
25700,0.170533
25720,0.002504
25740,0.002507
25760,0.169647
25780,0.002497
25800,0.297232
25820,0.170357
25840,0.158234
25860,0.002492
25880,0.002490
25900,0.002493
25920,0.002488
25940,0.296585
25960,0.296893
25980,0.002487
26000,0.297027
26020,0.167718
26040,0.296483
26060,0.297100
26080,0.157851
26100,0.297005
26120,0.158447
26140,0.169025
26160,0.296988
26180,0.166470
26200,0.169342
26220,0.158684
26240,0.296520
26260,0.296494
26280,0.169907
26300,0.158370
26320,0.296504
26340,0.296677
26360,0.169284
26380,0.157564
26400,0.157243
26420,0.170145
26440,0.169955
26460,0.296679
26480,0.296890
26500,0.002451
26520,0.002449
26540,0.296805
26560,0.166399
26580,0.002445
26600,0.157608
26620,0.002443
26640,0.002445
26660,0.002440
26680,0.153989
26700,0.296672
26720,0.168901
26740,0.153757
26760,0.002437
26780,0.296323
26800,0.296212
26820,0.296464
26840,0.154303
26860,0.002435
26880,0.002433
26900,0.155085
26920,0.154777
26940,0.296272
26960,0.158646
26980,0.168581
27000,0.168530
27020,0.002425
27040,0.296369
27060,0.170097
27080,0.157136
27100,0.166526
27120,0.296630
27140,0.296299
27160,0.002409
27180,0.296269
27200,0.169191
27220,0.296526
27240,0.165796
27260,0.168628
27280,0.002410
27300,0.165855
27320,0.002399
27340,0.158256
27360,0.002400
27380,0.157450
27400,0.156994
27420,0.154087
27440,0.295920
27460,0.002392
27480,0.168046
27500,0.154912
27520,0.295957
27540,0.002389
27560,0.296404
27580,0.295832
27600,0.157772
27620,0.296129
27640,0.168697
27660,0.157977
27680,0.296119
27700,0.002380
27720,0.002383
27740,0.296092
27760,0.296127
27780,0.168773
27800,0.295825
27820,0.295773
27840,0.169122
27860,0.295758
27880,0.295859
27900,0.157699
27920,0.002371
27940,0.296033
27960,0.168799
27980,0.296240
28000,0.168459
28020,0.295777
28040,0.168413
28060,0.164834
28080,0.158138
28100,0.002354
28120,0.154724
28140,0.168125
28160,0.157879
28180,0.295934
28200,0.295909
28220,0.154288
28240,0.296058
28260,0.002351
28280,0.154371
28300,0.166019
28320,0.166257
28340,0.157619
28360,0.296041
28380,0.295846
28400,0.296043
28420,0.295818
28440,0.165746
28460,0.153733
28480,0.157168
28500,0.002332
28520,0.157002
28540,0.154082
28560,0.295472
28580,0.169211
28600,0.168752
28620,0.002332
28640,0.295748
28660,0.158008
28680,0.295689
28700,0.002328
28720,0.002327
28740,0.295434
28760,0.166178
28780,0.295867
28800,0.002318
28820,0.153498
28840,0.157408
28860,0.295811
28880,0.169461
28900,0.002309
28920,0.295596
28940,0.295569
28960,0.002309
28980,0.168652
29000,0.165730
29020,0.158034
29040,0.166267
29060,0.295455
29080,0.295496
29100,0.002298
29120,0.157547
29140,0.157890
29160,0.295772
29180,0.153872
29200,0.154609
29220,0.295145
29240,0.168476
29260,0.165581
29280,0.002293
29300,0.157329
29320,0.002294
29340,0.166225
29360,0.169225
29380,0.168494
29400,0.157236
29420,0.002282
29440,0.169899
29460,0.168545
29480,0.167904
29500,0.002284
29520,0.002283
29540,0.157325
29560,0.168838
29580,0.157631
29600,0.002279
29620,0.154792
29640,0.295306
29660,0.168402
29680,0.002268
29700,0.002267
29720,0.295497
29740,0.168391
29760,0.158114
29780,0.168378
29800,0.168405
29820,0.157633
29840,0.165506
29860,0.166091
29880,0.167971
29900,0.168295
29920,0.002262
29940,0.294945
29960,0.153817
29980,0.156688
30000,0.002255
30020,0.295363
30040,0.294888
30060,0.294936
30080,0.157896
30100,0.164915
30120,0.295299
30140,0.295117
30160,0.167919
30180,0.294835
30200,0.157027
30220,0.154061
30240,0.002244
30260,0.157481
30280,0.002242
30300,0.167945
30320,0.294973
30340,0.294981
30360,0.169157
30380,0.295001
30400,0.157251
30420,0.002234
30440,0.294767
30460,0.002236
30480,0.164878
30500,0.157226
30520,0.168469
30540,0.157121
30560,0.002230
30580,0.002223
30600,0.156331
30620,0.169150
30640,0.165367
30660,0.002219
30680,0.002224
30700,0.002220
30720,0.167519
30740,0.158035
30760,0.294840
30780,0.168524
30800,0.167389
30820,0.153939
30840,0.295018
30860,0.153928
30880,0.294794
30900,0.002207
30920,0.294576
30940,0.165175
30960,0.168423
30980,0.295000
31000,0.153563
31020,0.294705
31040,0.002204
31060,0.294541
31080,0.294692
31100,0.002197
31120,0.165086
31140,0.294879
31160,0.156432
31180,0.002200
31200,0.294656
31220,0.002191
31240,0.157209
31260,0.294463
31280,0.164412
31300,0.294416
31320,0.157275
31340,0.294321
31360,0.165136
31380,0.168349
31400,0.156882
31420,0.294675
31440,0.002185
31460,0.002180
31480,0.156487
31500,0.002185
31520,0.294583
31540,0.157216
31560,0.294742
31580,0.168023
31600,0.156839
31620,0.002173
31640,0.157177
31660,0.167355
31680,0.154116
31700,0.165377
31720,0.294517
31740,0.002167
31760,0.152819
31780,0.002171
31800,0.157085
31820,0.002164
31840,0.168595
31860,0.164806
31880,0.294630
31900,0.002165
31920,0.167428
31940,0.002158
31960,0.167061
31980,0.002156
32000,0.002161
32020,0.152904
32040,0.156257
32060,0.294109
32080,0.002152
32100,0.165518
32120,0.153308
32140,0.294095
32160,0.002154
32180,0.294086
32200,0.002146
32220,0.294376
32240,0.157884
32260,0.157557
32280,0.002146
32300,0.157614
32320,0.294497
32340,0.002141
32360,0.167168
32380,0.164488
32400,0.163785
32420,0.164732
32440,0.002138
32460,0.167546
32480,0.002140
32500,0.002135
32520,0.167010
32540,0.294424
32560,0.002130
32580,0.156973
32600,0.294205
32620,0.293976
32640,0.167096
32660,0.153479
32680,0.294405
32700,0.167811
32720,0.002129
32740,0.294356
32760,0.294350
32780,0.167658
32800,0.164705
32820,0.294282
32840,0.002124
32860,0.293855
32880,0.294088
32900,0.294110
32920,0.157389
32940,0.156484
32960,0.293819
32980,0.167745
33000,0.167730
33020,0.002110
33040,0.154139
33060,0.167079
33080,0.294251
33100,0.167213
33120,0.153946
33140,0.293781
33160,0.294196
33180,0.167688
33200,0.294156
33220,0.293716
33240,0.164650
33260,0.167058
33280,0.002099
33300,0.293964
33320,0.168199
33340,0.153407
33360,0.167341
33380,0.294048
33400,0.153568
33420,0.157155
33440,0.167780
33460,0.167566
33480,0.002094
33500,0.002096
33520,0.294044
33540,0.164213
33560,0.293646
33580,0.002092
33600,0.163580
33620,0.293986
33640,0.002084
33660,0.164673
33680,0.155881
33700,0.155701
33720,0.293899
33740,0.293781
33760,0.002079
33780,0.002081
33800,0.002083
33820,0.293511
33840,0.002078
33860,0.293930
33880,0.167484
33900,0.157116
33920,0.153388
33940,0.167164
33960,0.153022
33980,0.167425
34000,0.153383
34020,0.163777
34040,0.002073
34060,0.167511
34080,0.155984
34100,0.002071
34120,0.156006
34140,0.156336
34160,0.002063
34180,0.293873
34200,0.166998
34220,0.153899
34240,0.002063
34260,0.166764
34280,0.293427
34300,0.167426
34320,0.155824
34340,0.152932
34360,0.167893
34380,0.293367
34400,0.156125
34420,0.167850
34440,0.002051
34460,0.293348
34480,0.002052
34500,0.002048
34520,0.167405
34540,0.167589
34560,0.156484
34580,0.164824
34600,0.153644
34620,0.166567
34640,0.293708
34660,0.166888
34680,0.156432
34700,0.293211
34720,0.167751
34740,0.293642
34760,0.293496
34780,0.164589
34800,0.156594
34820,0.156288
34840,0.002040
34860,0.002040
34880,0.002034
34900,0.002038
34920,0.166668
34940,0.002037
34960,0.293137
34980,0.293509
35000,0.002029
35020,0.153228
35040,0.002027
35060,0.293332
35080,0.293355
35100,0.156472
35120,0.002029
35140,0.002028
35160,0.155518
35180,0.293051
35200,0.152675
35220,0.166650
35240,0.002020
35260,0.002021
35280,0.002018
35300,0.153863
35320,0.153274
35340,0.164705
35360,0.164299
35380,0.167717
35400,0.168318
35420,0.155624
35440,0.156225
35460,0.002010
35480,0.293196
35500,0.153247
35520,0.166928
35540,0.156706
35560,0.166046
35580,0.156756
35600,0.152540
35620,0.002010
35640,0.292970
35660,0.002006
35680,0.166530
35700,0.167081
35720,0.293148
35740,0.156546
35760,0.292953
35780,0.002002
35800,0.164817
35820,0.293098
35840,0.002000
35860,0.157157
35880,0.166039
35900,0.002000
35920,0.293246
35940,0.292806
35960,0.152931
35980,0.001997
36000,0.166087
36020,0.293088
36040,0.001989
36060,0.156837
36080,0.293210
36100,0.001992
36120,0.155723
36140,0.001990
36160,0.155740
36180,0.155648
36200,0.292664
36220,0.001984
36240,0.152276
36260,0.164087
36280,0.001985
36300,0.292753
36320,0.293153
36340,0.153282
36360,0.001978
36380,0.152372
36400,0.156520
36420,0.156998
36440,0.001977
36460,0.292876
36480,0.153065
36500,0.156363
36520,0.001972
36540,0.292653
36560,0.156470
36580,0.001970
36600,0.166669
36620,0.292843
36640,0.166422
36660,0.156899
36680,0.292883
36700,0.153702
36720,0.166604
36740,0.157178
36760,0.001963
36780,0.292805
36800,0.166349
36820,0.157121
36840,0.292811
36860,0.153826
36880,0.153125
36900,0.292746
36920,0.167134
36940,0.292966
36960,0.292779
36980,0.001960
37000,0.001954
37020,0.001959
37040,0.001953
37060,0.292492
37080,0.163840
37100,0.166809
37120,0.153033
37140,0.292515
37160,0.156655
37180,0.292405
37200,0.156374
37220,0.001949
37240,0.163914
37260,0.001951
37280,0.165837
37300,0.292707
37320,0.166298
37340,0.165684
37360,0.001948
37380,0.292437
37400,0.001946
37420,0.001943
37440,0.167024
37460,0.156350
37480,0.292395
37500,0.166060
37520,0.292575
37540,0.292589
37560,0.166621
37580,0.166017
37600,0.001933
37620,0.001933
37640,0.167063
37660,0.156201
37680,0.157061
37700,0.292559
37720,0.156643
37740,0.001931
37760,0.292571
37780,0.152974
37800,0.292255
37820,0.156495
37840,0.163320
37860,0.001925
37880,0.163398
37900,0.001929
37920,0.001926
37940,0.292702
37960,0.292619
37980,0.292248
38000,0.166852
38020,0.156334
38040,0.001924
38060,0.001918
38080,0.001922
38100,0.166377
38120,0.166681
38140,0.292423
38160,0.153316
38180,0.292379
38200,0.164206
38220,0.292431
38240,0.292381
38260,0.167039
38280,0.292600
38300,0.166622
38320,0.001909
38340,0.292363
38360,0.156283
38380,0.292499
38400,0.001912
38420,0.001911
38440,0.163257
38460,0.292048
38480,0.292281
38500,0.001908
38520,0.001902
38540,0.167268
38560,0.001904
38580,0.163568
38600,0.166073
38620,0.166897
38640,0.152122
38660,0.292220
38680,0.001899
38700,0.166290
38720,0.152972
38740,0.162700
38760,0.001897
38780,0.166443
38800,0.001896
38820,0.292019
38840,0.166712
38860,0.163256
38880,0.292231
38900,0.157245
38920,0.156303
38940,0.001888
38960,0.163261
38980,0.001890
39000,0.166306
39020,0.153213
39040,0.155858
39060,0.001889
39080,0.001887
39100,0.162493
39120,0.001885
39140,0.001887
39160,0.166184
39180,0.156521
39200,0.156306
39220,0.163472
39240,0.163450
39260,0.291930
39280,0.162811
39300,0.165205
39320,0.291924
39340,0.001881
39360,0.156700
39380,0.166130
39400,0.165759
39420,0.162926
39440,0.292065
39460,0.001875
39480,0.001871
39500,0.292024
39520,0.156130
39540,0.166764
39560,0.001874
39580,0.291959
39600,0.292002
39620,0.001868
39640,0.156843
39660,0.166310
39680,0.163936
39700,0.166948
39720,0.001869
39740,0.291689
39760,0.167178
39780,0.166722
39800,0.291924
39820,0.156310
39840,0.001863
39860,0.163602
39880,0.291877
39900,0.162542
39920,0.153132
39940,0.153222
39960,0.156131
39980,0.156036
40000,0.291980
40020,0.001859
40040,0.001854
40060,0.291634
40080,0.001858
40100,0.292024
40120,0.156391
40140,0.155998
40160,0.291998
40180,0.291602
40200,0.291545
40220,0.152051
40240,0.001850
40260,0.153177
40280,0.152966
40300,0.166715
40320,0.001844
40340,0.155670
40360,0.151953
40380,0.291726
40400,0.291537
40420,0.156216
40440,0.165256
40460,0.163855
40480,0.166027
40500,0.291751
40520,0.152729
40540,0.165816
40560,0.001838
40580,0.291901
40600,0.156388
40620,0.001838
40640,0.155658
40660,0.152425
40680,0.152300
40700,0.166839
40720,0.154711
40740,0.162923
40760,0.291442
40780,0.155602
40800,0.163440
40820,0.291408
40840,0.291863
40860,0.001834
40880,0.291405
40900,0.001828
40920,0.155776
40940,0.291613
40960,0.166237
40980,0.001828
41000,0.291360
41020,0.156146
41040,0.154932
41060,0.291541
41080,0.001825
41100,0.163421
41120,0.166202
41140,0.165103
41160,0.152462
41180,0.001824
41200,0.156255
41220,0.166378
41240,0.163827
41260,0.001822
41280,0.001817
41300,0.155263
41320,0.001816
41340,0.165733
41360,0.001814
41380,0.001816
41400,0.291266
41420,0.165999
41440,0.165848
41460,0.165656
41480,0.001811
41500,0.291257
41520,0.166181
41540,0.291640
41560,0.156392
41580,0.001812
41600,0.167218
41620,0.001811
41640,0.155890
41660,0.001810
41680,0.291626
41700,0.156024
41720,0.291626
41740,0.291164
41760,0.165653
41780,0.001802
41800,0.001801
41820,0.291630
41840,0.162250
41860,0.291164
41880,0.291616
41900,0.162176
41920,0.291605
41940,0.152625
41960,0.162945
41980,0.001799
42000,0.001798
42020,0.166554
42040,0.001794
42060,0.152785
42080,0.166433
42100,0.291513
42120,0.001792
42140,0.165814
42160,0.163675
42180,0.162546
42200,0.156811
42220,0.166262
42240,0.165305
42260,0.001793
42280,0.001790
42300,0.291455
42320,0.291266
42340,0.291536
42360,0.165169
42380,0.291296
42400,0.001789
42420,0.001788
42440,0.165310
42460,0.001782
42480,0.291204
42500,0.291204
42520,0.001783
42540,0.152142
42560,0.291177
42580,0.001782
42600,0.291141
42620,0.290915
42640,0.165389
42660,0.162296
42680,0.291358
42700,0.166362
42720,0.156201
42740,0.291372
42760,0.290976
42780,0.161960
42800,0.162373
42820,0.001777
42840,0.156055
42860,0.290956
42880,0.001776
42900,0.290859
42920,0.166032
42940,0.152428
42960,0.001771
42980,0.001770
43000,0.156060
43020,0.164714
43040,0.152953
43060,0.001766
43080,0.001768
43100,0.161826
43120,0.001767
43140,0.291043
43160,0.152024
43180,0.152097
43200,0.001762
43220,0.156480
43240,0.165624
43260,0.001763
43280,0.290817
43300,0.291210
43320,0.001764
43340,0.156115
43360,0.152211
43380,0.290958
43400,0.165640
43420,0.165531
43440,0.001758
43460,0.154908
43480,0.291060
43500,0.001756
43520,0.001754
43540,0.001753
43560,0.290911
43580,0.001756
43600,0.291103
43620,0.290908
43640,0.155208
43660,0.001750
43680,0.290730
43700,0.001749
43720,0.290908
43740,0.290900
43760,0.165936
43780,0.290876
43800,0.290900
43820,0.156604
43840,0.155944
43860,0.001750
43880,0.152124
43900,0.001744
43920,0.164985
43940,0.152906
43960,0.001742
43980,0.001742
44000,0.290988
44020,0.165187
44040,0.001740
44060,0.165423
44080,0.001744
44100,0.165867
44120,0.001743
44140,0.155865
44160,0.290573
44180,0.290935
44200,0.290949
44220,0.290558
44240,0.155841
44260,0.162347
44280,0.290601
44300,0.155692
44320,0.152054
44340,0.165771
44360,0.001731
44380,0.290740
44400,0.156045
44420,0.290916
44440,0.152403
44460,0.001733
44480,0.290519
44500,0.001728
44520,0.290923
44540,0.001727
44560,0.001731
44580,0.290470
44600,0.152515
44620,0.152229
44640,0.165152
44660,0.290472
44680,0.152089
44700,0.290809
44720,0.001725
44740,0.165224
44760,0.001724
44780,0.001721
44800,0.165376
44820,0.152128
44840,0.165568
44860,0.001718
44880,0.001721
44900,0.156055
44920,0.001721
44940,0.164548
44960,0.290412
44980,0.001720
45000,0.290834
45020,0.155653
45040,0.155374
45060,0.154587
45080,0.151551
45100,0.001712
45120,0.152206
45140,0.290731
45160,0.290584
45180,0.160922
45200,0.290746
45220,0.162021
45240,0.155422
45260,0.162030
45280,0.165292
45300,0.165259
45320,0.001712
45340,0.155738
45360,0.290488
45380,0.155670
45400,0.154431
45420,0.001709
45440,0.290724
45460,0.165051
45480,0.164689
45500,0.164239
45520,0.290252
45540,0.001705
45560,0.001704
45580,0.290646
45600,0.290451
45620,0.001705
45640,0.161610
45660,0.001702
45680,0.151869
45700,0.165299
45720,0.001699
45740,0.162500
45760,0.152207
45780,0.151887
45800,0.290202
45820,0.151737
45840,0.001698
45860,0.164284
45880,0.001696
45900,0.152654
45920,0.290103
45940,0.001694
45960,0.165107
45980,0.001693
46000,0.164890
46020,0.152404
46040,0.290335
46060,0.001693
46080,0.155339
46100,0.290339
46120,0.165054
46140,0.290361
46160,0.160788
46180,0.164535
46200,0.164136
46220,0.290410
46240,0.165449
46260,0.151368
46280,0.164035
46300,0.155319
46320,0.151919
46340,0.001682
46360,0.164875
46380,0.001681
46400,0.154918
46420,0.155206
46440,0.151620
46460,0.155542
46480,0.165037
46500,0.290399
46520,0.155400
46540,0.155435
46560,0.154977
46580,0.164188
46600,0.001681
46620,0.163092
46640,0.154797
46660,0.001677
46680,0.155346
46700,0.001678
46720,0.290185
46740,0.164603
46760,0.162368
46780,0.001674
46800,0.001671
46820,0.155945
46840,0.290343
46860,0.001669
46880,0.164289
46900,0.152748
46920,0.155511
46940,0.290324
46960,0.290336
46980,0.151873
47000,0.155600
47020,0.155582
47040,0.163797
47060,0.156178
47080,0.165139
47100,0.001664
47120,0.155532
47140,0.290141
47160,0.001665
47180,0.001662
47200,0.164168
47220,0.155742
47240,0.290241
47260,0.290247
47280,0.001662
47300,0.001660
47320,0.290046
47340,0.151687
47360,0.290017
47380,0.001660
47400,0.164376
47420,0.155578
47440,0.164358
47460,0.155254
47480,0.001658
47500,0.289795
47520,0.290249
47540,0.289994
47560,0.289800
47580,0.155118
47600,0.289841
47620,0.154600
47640,0.151607
47660,0.165127
47680,0.161868
47700,0.001650
47720,0.164366
47740,0.289775
47760,0.290085
47780,0.152354
47800,0.164013
47820,0.289773
47840,0.152386
47860,0.161062
47880,0.152501
47900,0.001648
47920,0.289908
47940,0.289721
47960,0.289947
47980,0.289942
48000,0.163503
48020,0.160657
48040,0.001643
48060,0.155428
48080,0.001642
48100,0.289879
48120,0.001643
48140,0.165095
48160,0.289857
48180,0.164273
48200,0.152930
48220,0.001638
48240,0.162155
48260,0.289857
48280,0.001637
48300,0.001639
48320,0.161371
48340,0.001636
48360,0.164875
48380,0.164315
48400,0.001634
48420,0.154318
48440,0.153868
48460,0.001635
48480,0.289558
48500,0.001632
48520,0.164054
48540,0.001635
48560,0.155535
48580,0.155554
48600,0.164173
48620,0.289581
48640,0.152669
48660,0.001629
48680,0.289531
48700,0.289901
48720,0.289529
48740,0.163873
48760,0.164086
48780,0.001628
48800,0.289738
48820,0.289677
48840,0.165185
48860,0.289923
48880,0.155420
48900,0.001628
48920,0.151670
48940,0.001622
48960,0.165155
48980,0.151732
49000,0.161836
49020,0.155457
49040,0.289885
49060,0.154448
49080,0.154363
49100,0.151308
49120,0.160545
49140,0.001622
49160,0.001617
49180,0.164775
49200,0.289439
49220,0.289417
49240,0.289445
49260,0.001619
49280,0.155576
49300,0.155000
49320,0.289565
49340,0.154928
49360,0.289562
49380,0.164373
49400,0.155280
49420,0.162071
49440,0.155776
49460,0.155034
49480,0.160601
49500,0.289692
49520,0.165128
49540,0.001614
49560,0.164204
49580,0.001613
49600,0.289609
49620,0.289543
49640,0.289731
49660,0.163203
49680,0.155935
49700,0.001610
49720,0.289334
49740,0.289312
49760,0.154963
49780,0.164903
49800,0.164613
49820,0.152283
49840,0.001607
49860,0.155274
49880,0.289274
49900,0.154631
49920,0.155312
49940,0.163927
49960,0.289248
49980,0.289275
50000,0.164411
50020,0.289256
50040,0.001601
50060,0.155402
50080,0.152810
50100,0.164417
50120,0.289441
50140,0.151495
50160,0.164180
50180,0.289499
50200,0.155823
50220,0.164543
50240,0.289416
50260,0.289403
50280,0.289163
50300,0.161191
50320,0.001597
50340,0.289408
50360,0.289591
50380,0.001591
50400,0.289145
50420,0.289477
50440,0.001594
50460,0.154511
50480,0.289518
50500,0.151651
50520,0.164446
50540,0.155130
50560,0.289514
50580,0.152111
50600,0.151993
50620,0.001587
50640,0.152306
50660,0.001589
50680,0.154936
50700,0.001587
50720,0.154911
50740,0.161000
50760,0.001586
50780,0.289102
50800,0.289492
50820,0.289280
50840,0.289346
50860,0.154697
50880,0.164844
50900,0.289265
50920,0.163910
50940,0.151316
50960,0.001583
50980,0.289430
51000,0.001582
51020,0.155396
51040,0.289256
51060,0.161831
51080,0.164584
51100,0.001580
51120,0.289223
51140,0.155378
51160,0.001576
51180,0.001575
51200,0.151459
51220,0.164548
51240,0.164413
51260,0.164982
51280,0.154896
51300,0.288966
51320,0.164716
51340,0.001575
51360,0.001572
51380,0.001571
51400,0.161730
51420,0.001571
51440,0.154158
51460,0.150888
51480,0.154581
51500,0.161857
51520,0.164228
51540,0.164986
51560,0.289325
51580,0.001571
51600,0.154871
51620,0.289339
51640,0.289133
51660,0.289262
51680,0.001569
51700,0.164143
51720,0.164172
51740,0.163602
51760,0.001564
51780,0.001567
51800,0.151407
51820,0.288935
51840,0.289266
51860,0.001565
51880,0.163438
51900,0.163487
51920,0.152758
51940,0.289064
51960,0.154887
51980,0.151376
52000,0.154644
52020,0.161122
52040,0.151345
52060,0.288800
52080,0.154616
52100,0.161186
52120,0.154451
52140,0.289138
52160,0.154542
52180,0.164404
52200,0.001557
52220,0.154531
52240,0.288957
52260,0.001556
52280,0.163481
52300,0.160320
52320,0.001555
52340,0.151785
52360,0.289198
52380,0.154374
52400,0.154362
52420,0.288741
52440,0.001552
52460,0.001553
52480,0.001548
52500,0.155226
52520,0.288736
52540,0.001551
52560,0.164775
52580,0.163927
52600,0.289119
52620,0.163976
52640,0.288680
52660,0.288708
52680,0.160469
52700,0.154290
52720,0.164107
52740,0.163940
52760,0.163034
52780,0.163050
52800,0.160381
52820,0.155333
52840,0.161080
52860,0.001542
52880,0.160605
52900,0.001545
52920,0.001541
52940,0.160879
52960,0.161163
52980,0.288629
53000,0.289000
53020,0.288966
53040,0.288966
53060,0.154414
53080,0.151572
53100,0.001540
53120,0.288787
53140,0.164609
53160,0.001540
53180,0.154667
53200,0.154565
53220,0.001539
53240,0.160167
53260,0.163457
53280,0.001536
53300,0.001534
53320,0.154640
53340,0.001537
53360,0.154690
53380,0.288920
53400,0.288779
53420,0.001531
53440,0.001533
53460,0.001534
53480,0.001530
53500,0.288578
53520,0.001532
53540,0.288671
53560,0.288538
53580,0.163408
53600,0.001532
53620,0.163971
53640,0.288712
53660,0.288931
53680,0.164156
53700,0.161035
53720,0.288911
53740,0.151509
53760,0.164139
53780,0.160755
53800,0.164988
53820,0.153854
53840,0.001527
53860,0.154430
53880,0.154870
53900,0.288833
53920,0.154962
53940,0.163753
53960,0.152222
53980,0.160742
54000,0.288836
54020,0.155236
54040,0.001519
54060,0.164222
54080,0.001519
54100,0.164211
54120,0.001518
54140,0.288613
54160,0.001518
54180,0.288818
54200,0.288409
54220,0.001520
54240,0.001516
54260,0.001520
54280,0.164361
54300,0.001517
54320,0.001517
54340,0.151356
54360,0.154491
54380,0.164647
54400,0.288344
54420,0.288441
54440,0.001516
54460,0.001512
54480,0.288374
54500,0.288377
54520,0.001511
54540,0.288791
54560,0.151935
54580,0.288383
54600,0.159919
54620,0.155281
54640,0.162905
54660,0.163041
54680,0.151924
54700,0.163616
54720,0.155196
54740,0.154296
54760,0.151147
54780,0.154442
54800,0.288690
54820,0.001506
54840,0.001509
54860,0.288505
54880,0.154837
54900,0.151277
54920,0.154061
54940,0.001503
54960,0.163436
54980,0.163863
55000,0.001505
55020,0.001504
55040,0.288690
55060,0.163425
55080,0.163196
55100,0.288477
55120,0.154954
55140,0.288232
55160,0.163696
55180,0.160582
55200,0.154377
55220,0.001500
55240,0.288254
55260,0.164167
55280,0.163529
55300,0.163100
55320,0.288469
55340,0.001496
55360,0.288601
55380,0.163574
55400,0.001495
55420,0.163032
55440,0.288417
55460,0.001496
55480,0.164580
55500,0.163853
55520,0.001493
55540,0.288511
55560,0.288516
55580,0.288350
55600,0.151505
55620,0.154903
55640,0.163419
55660,0.001493
55680,0.155134
55700,0.288342
55720,0.288517
55740,0.001491
55760,0.001493
55780,0.001489
55800,0.001492
55820,0.288363
55840,0.288493
55860,0.151577
55880,0.288495
55900,0.001488
55920,0.153849
55940,0.288020
55960,0.001487
55980,0.160207
56000,0.162927
56020,0.152019
56040,0.151110
56060,0.163506
56080,0.001485
56100,0.151558
56120,0.001486
56140,0.288005
56160,0.001485
56180,0.160445
56200,0.150698
56220,0.001483
56240,0.288456
56260,0.288049
56280,0.288401
56300,0.001479
56320,0.160828
56340,0.001479
56360,0.288261
56380,0.154167
56400,0.288165
56420,0.288012
56440,0.164273
56460,0.154931
56480,0.163648
56500,0.163951
56520,0.001476
56540,0.001478
56560,0.160781
56580,0.153799
56600,0.151169
56620,0.163254
56640,0.001478
56660,0.288276
56680,0.288324
56700,0.001475
56720,0.163375
56740,0.288363
56760,0.154776
56780,0.287949
56800,0.160518
56820,0.151709
56840,0.001474
56860,0.160201
56880,0.163001
56900,0.287902
56920,0.288103
56940,0.288096
56960,0.288090
56980,0.001471
57000,0.001471
57020,0.001469
57040,0.154165
57060,0.001470
57080,0.288065
57100,0.288107
57120,0.160601
57140,0.162972
57160,0.001465
57180,0.151325
57200,0.154170
57220,0.162620
57240,0.001468
57260,0.154590
57280,0.001466
57300,0.154661
57320,0.287859
57340,0.154563
57360,0.001465
57380,0.001465
57400,0.160660
57420,0.163083
57440,0.154303
57460,0.001459
57480,0.288114
57500,0.287863
57520,0.154964
57540,0.287829
57560,0.288042
57580,0.154451
57600,0.154058
57620,0.001459
57640,0.164110
57660,0.160341
57680,0.288159
57700,0.154728
57720,0.155110
57740,0.159879
57760,0.154925
57780,0.162995
57800,0.288168
57820,0.287736
57840,0.001454
57860,0.001455
57880,0.162802
57900,0.163358
57920,0.162888
57940,0.162285
57960,0.287957
57980,0.160091
58000,0.160235
58020,0.153700
58040,0.288053
58060,0.163812
58080,0.163409
58100,0.001452
58120,0.161980
58140,0.155272
58160,0.150909
58180,0.154884
58200,0.287739
58220,0.001447
58240,0.001447
58260,0.288061
58280,0.288026
58300,0.151047
58320,0.159883
58340,0.287829
58360,0.151007
58380,0.163176
58400,0.154260
58420,0.159963
58440,0.160808
58460,0.163387
58480,0.001443
58500,0.163515
58520,0.287964
58540,0.287646
58560,0.154343
58580,0.001443
58600,0.163353
58620,0.001443
58640,0.159797
58660,0.001443
58680,0.155092
58700,0.150902
58720,0.151706
58740,0.162828
58760,0.154086
58780,0.154688
58800,0.160416
58820,0.287747
58840,0.287937
58860,0.287727
58880,0.001439
58900,0.163620
58920,0.162832
58940,0.160235
58960,0.159404
58980,0.151301
59000,0.162019
59020,0.001437
59040,0.151245
59060,0.001434
59080,0.001436
59100,0.287725
59120,0.162317
59140,0.154676
59160,0.154704
59180,0.287903
59200,0.155157
59220,0.287557
59240,0.001432
59260,0.154458
59280,0.150438
59300,0.001432
59320,0.287549
59340,0.150890
59360,0.155126
59380,0.287467
59400,0.154015
59420,0.160088
59440,0.287632
59460,0.287807
59480,0.287477
59500,0.287869
59520,0.150550
59540,0.001427
59560,0.001427
59580,0.151916
59600,0.163348
59620,0.287843
59640,0.151496
59660,0.163121
59680,0.159491
59700,0.154799
59720,0.287388
59740,0.154288
59760,0.001425
59780,0.001425
59800,0.001422
59820,0.150740
59840,0.287592
59860,0.001424
59880,0.287773
59900,0.001420
59920,0.150892
59940,0.287792
59960,0.287557
59980,0.154756
60000,0.287429
60020,0.001418
60040,0.154232
60060,0.163735
60080,0.160530
60100,0.154321
60120,0.287574
60140,0.001419
60160,0.001418
60180,0.287698
60200,0.150896
60220,0.001418
60240,0.001419
60260,0.153441
60280,0.162695
60300,0.001418
60320,0.162668
60340,0.001416
60360,0.160251
60380,0.154543
60400,0.154182
60420,0.160343
60440,0.001415
60460,0.150942
60480,0.287486
60500,0.287416
60520,0.159762
60540,0.287467
60560,0.287431
60580,0.287609
60600,0.001410
60620,0.153441
60640,0.154370
60660,0.154412
60680,0.150799
60700,0.001412
60720,0.287584
60740,0.287633
60760,0.162362
60780,0.159169
60800,0.287276
60820,0.287432
60840,0.001409
60860,0.154344
60880,0.001406
60900,0.287444
60920,0.154036
60940,0.162713
60960,0.159868
60980,0.162699
61000,0.287453
61020,0.001407
61040,0.154907
61060,0.159708
61080,0.001406
61100,0.160013
61120,0.162466
61140,0.162902
61160,0.287365
61180,0.001404
61200,0.151714
61220,0.151245
61240,0.001402
61260,0.154411
61280,0.001400
61300,0.163966
61320,0.159889
61340,0.159112
61360,0.287179
61380,0.162613
61400,0.160234
61420,0.001401
61440,0.001401
61460,0.163083
61480,0.154467
61500,0.153564
61520,0.162278
61540,0.154751
61560,0.154588
61580,0.162614
61600,0.287133
61620,0.001398
61640,0.153989
61660,0.160598
61680,0.287085
61700,0.287124
61720,0.159942
61740,0.001395
61760,0.162489
61780,0.001392
61800,0.162633
61820,0.158676
61840,0.001395
61860,0.001391
61880,0.161331
61900,0.162038
61920,0.001390
61940,0.287250
61960,0.001389
61980,0.150601
62000,0.287452
62020,0.001388
62040,0.149801
62060,0.001390
62080,0.162343
62100,0.153996
62120,0.287379
62140,0.001386
62160,0.154116
62180,0.287061
62200,0.159497
62220,0.154507
62240,0.001388
62260,0.151078
62280,0.287063
62300,0.287034
62320,0.001386
62340,0.001386
62360,0.001387
62380,0.163078
62400,0.001383
62420,0.287144
62440,0.150596
62460,0.153539
62480,0.287001
62500,0.159451
62520,0.150864
62540,0.158935
62560,0.154886
62580,0.159744
62600,0.160027
62620,0.153795
62640,0.154204
62660,0.161742
62680,0.001382
62700,0.286980
62720,0.158660
62740,0.001379
62760,0.001382
62780,0.153592
62800,0.159714
62820,0.287328
62840,0.162980
62860,0.163198
62880,0.001380
62900,0.162759
62920,0.163126
62940,0.001377
62960,0.162347
62980,0.163208
63000,0.159535
63020,0.150623
63040,0.001376
63060,0.153475
63080,0.287187
63100,0.001374
63120,0.001375
63140,0.151025
63160,0.150792
63180,0.287174
63200,0.163439
63220,0.162811
63240,0.001375
63260,0.001373
63280,0.001373
63300,0.162110
63320,0.001374
63340,0.153657
63360,0.162839
63380,0.154105
63400,0.287127
63420,0.154058
63440,0.161661
63460,0.162184
63480,0.162328
63500,0.154028
63520,0.287135
63540,0.159867
63560,0.001367
63580,0.286740
63600,0.153387
63620,0.001366
63640,0.286993
63660,0.001367
63680,0.162530
63700,0.153868
63720,0.001365
63740,0.153497
63760,0.153063
63780,0.154086
63800,0.150614
63820,0.162727
63840,0.161887
63860,0.161751
63880,0.001362
63900,0.162478
63920,0.287071
63940,0.001361
63960,0.286906
63980,0.163172
64000,0.001364
64020,0.151371
64040,0.286741
64060,0.001363
64080,0.159256
64100,0.154266
64120,0.286961
64140,0.154041
64160,0.287064
64180,0.001358
64200,0.162466
64220,0.153893
64240,0.001359
64260,0.287025
64280,0.161609
64300,0.001360
64320,0.286863
64340,0.154147
64360,0.287035
64380,0.286712
64400,0.001355
64420,0.153969
64440,0.154036
64460,0.150774
64480,0.286652
64500,0.162283
64520,0.001355
64540,0.153837
64560,0.163005
64580,0.159475
64600,0.159241
64620,0.001355
64640,0.161535
64660,0.286978
64680,0.162373
64700,0.286620
64720,0.001351
64740,0.162638
64760,0.154250
64780,0.286572
64800,0.153647
64820,0.163156
64840,0.001349
64860,0.153620
64880,0.001351
64900,0.286943
64920,0.161624
64940,0.158932
64960,0.001350
64980,0.286948
65000,0.161674
65020,0.286952
65040,0.161913
65060,0.286883
65080,0.150348
65100,0.286557
65120,0.150774
65140,0.001347
65160,0.286881
65180,0.162379
65200,0.001347
65220,0.286560
65240,0.286701
65260,0.162060
65280,0.154399
65300,0.286882
65320,0.159223
65340,0.001343
65360,0.150772
65380,0.162271
65400,0.153584
65420,0.162477
65440,0.162408
65460,0.154045
65480,0.150571
65500,0.286842
65520,0.150565
65540,0.001342
65560,0.001342
65580,0.154041
65600,0.001342
65620,0.150262
65640,0.150917
65660,0.154456
65680,0.286814
65700,0.286627
65720,0.286694
65740,0.286493
65760,0.154344
65780,0.286655
65800,0.162237
65820,0.154048
65840,0.153967
65860,0.161809
65880,0.159904
65900,0.153829
65920,0.001337
65940,0.154756
65960,0.162377
65980,0.153960
66000,0.286772
66020,0.286418
66040,0.154156
66060,0.162333
66080,0.159469
66100,0.162480
66120,0.286428
66140,0.162031
66160,0.001335
66180,0.286590
66200,0.150618
66220,0.153610
66240,0.001334
66260,0.150382
66280,0.286561
66300,0.001332
66320,0.001329
66340,0.001332
66360,0.001332
66380,0.162275
66400,0.286705
66420,0.159833
66440,0.153950
66460,0.001328
66480,0.286605
66500,0.151252
66520,0.286367
66540,0.001330
66560,0.001326
66580,0.286532
66600,0.286513
66620,0.286315
66640,0.153595
66660,0.153935
66680,0.001327
66700,0.286547
66720,0.161495
66740,0.001324
66760,0.161701
66780,0.286348
66800,0.150842
66820,0.159731
66840,0.153476
66860,0.001326
66880,0.286651
66900,0.001324
66920,0.153253
66940,0.162844
66960,0.150326
66980,0.153452
67000,0.286437
67020,0.153316
67040,0.001322
67060,0.161679
67080,0.286477
67100,0.286287
67120,0.154003
67140,0.286609
67160,0.158764
67180,0.161560
67200,0.001320
67220,0.162247
67240,0.286267
67260,0.286296
67280,0.162119
67300,0.149866
67320,0.150568
67340,0.001316
67360,0.153178
67380,0.162002
67400,0.001318
67420,0.151014
67440,0.286204
67460,0.286519
67480,0.001315
67500,0.150715
67520,0.001318
67540,0.162563
67560,0.162224
67580,0.150936
67600,0.286463
67620,0.001313
67640,0.286230
67660,0.155014
67680,0.161158
67700,0.151526
67720,0.001315
67740,0.154325
67760,0.162901
67780,0.159040
67800,0.001312
67820,0.286135
67840,0.001312
67860,0.286373
67880,0.161342
67900,0.150739
67920,0.286521
67940,0.286522
67960,0.158440
67980,0.162657
68000,0.150694
68020,0.286277
68040,0.153741
68060,0.162531
68080,0.159381
68100,0.153666
68120,0.001308
68140,0.154464
68160,0.161430
68180,0.286101
68200,0.161688
68220,0.286511
68240,0.001307
68260,0.162158
68280,0.153350
68300,0.001304
68320,0.286319
68340,0.001306
68360,0.286074
68380,0.286084
68400,0.153928
68420,0.001305
68440,0.001306
68460,0.286110
68480,0.158820
68500,0.159637
68520,0.149785
68540,0.286064
68560,0.154357
68580,0.161671
68600,0.001303
68620,0.286222
68640,0.001302
68660,0.159163
68680,0.154047
68700,0.001300
68720,0.158546
68740,0.286033
68760,0.286205
68780,0.154462
68800,0.155134
68820,0.161311
68840,0.161369
68860,0.161362
68880,0.155151
68900,0.001300
68920,0.150728
68940,0.160846
68960,0.001298
68980,0.286214
69000,0.158557
69020,0.286207
69040,0.153898
69060,0.001295
69080,0.162452
69100,0.153997
69120,0.150664
69140,0.158159
69160,0.286150
69180,0.154135
69200,0.286165
69220,0.286144
69240,0.286300
69260,0.161395
69280,0.001296
69300,0.286297
69320,0.162338
69340,0.001292
69360,0.162817
69380,0.286314
69400,0.001293
69420,0.161437
69440,0.001294
69460,0.153977
69480,0.153538
69500,0.154083
69520,0.285913
69540,0.286245
69560,0.161242
69580,0.286234
69600,0.001291
69620,0.285906
69640,0.154026
69660,0.154113
69680,0.001291
69700,0.149504
69720,0.286224
69740,0.150268
69760,0.001289
69780,0.161893
69800,0.285891
69820,0.162163
69840,0.001286
69860,0.159250
69880,0.150276
69900,0.150304
69920,0.161757
69940,0.162123
69960,0.149757
69980,0.158724
70000,0.001286
70020,0.285867
70040,0.158727
70060,0.161574
70080,0.161899
70100,0.153506
70120,0.149957
70140,0.161569
70160,0.001282
70180,0.154187
70200,0.158598
70220,0.001284
70240,0.001284
70260,0.150754
70280,0.153517
70300,0.285803
70320,0.286149
70340,0.285986
70360,0.286088
70380,0.001281
70400,0.285965
70420,0.285769
70440,0.001282
70460,0.001282
70480,0.001280
70500,0.161650
70520,0.153317
70540,0.001280
70560,0.285742
70580,0.154113
70600,0.001277
70620,0.286083
70640,0.162020
70660,0.162744
70680,0.285750
70700,0.285747
70720,0.161514
70740,0.154018
70760,0.153938
70780,0.001275
70800,0.001274
70820,0.285739
70840,0.001276
70860,0.160928
70880,0.001274
70900,0.001273
70920,0.161490
70940,0.285737
70960,0.162452
70980,0.001275
71000,0.001275
71020,0.157778
71040,0.286029
71060,0.286086
71080,0.001271
71100,0.285692
71120,0.001274
71140,0.001270
71160,0.001273
71180,0.001273
71200,0.158370
71220,0.001270
71240,0.154240
71260,0.161279
71280,0.001269
71300,0.150470
71320,0.153121
71340,0.286012
71360,0.001268
71380,0.001268
71400,0.151496
71420,0.285966
71440,0.285805
71460,0.001269
71480,0.162162
71500,0.001266
71520,0.152805
71540,0.159037
71560,0.001267
71580,0.001267
71600,0.161708
71620,0.286008
71640,0.154150
71660,0.285665
71680,0.001264
71700,0.285604
71720,0.285915
71740,0.153146
71760,0.150355
71780,0.285923
71800,0.285944
71820,0.285749
71840,0.285747
71860,0.285887
71880,0.153415
71900,0.001265
71920,0.285939
71940,0.001264
71960,0.285777
71980,0.285949
72000,0.153825
72020,0.161185
72040,0.285604
72060,0.153999
72080,0.158335
72100,0.001263
72120,0.152492
72140,0.001262
72160,0.153090
72180,0.150285
72200,0.158706
72220,0.161790
72240,0.285758
72260,0.151124
72280,0.285560
72300,0.001258
72320,0.161475
72340,0.150448
72360,0.285882
72380,0.001260
72400,0.161276
72420,0.153792
72440,0.161296
72460,0.285847
72480,0.285712
72500,0.154355
72520,0.285740
72540,0.285852
72560,0.161145
72580,0.285846
72600,0.153276
72620,0.153510
72640,0.153083
72660,0.001253
72680,0.285500
72700,0.285835
72720,0.149963
72740,0.162355
72760,0.153713
72780,0.001252
72800,0.153722
72820,0.001252
72840,0.285795
72860,0.161712
72880,0.153781
72900,0.153678
72920,0.159685
72940,0.153261
72960,0.001252
72980,0.153042
73000,0.285786
73020,0.152980
73040,0.158702
73060,0.150043
73080,0.285430
73100,0.001251
73120,0.285573
73140,0.285402
73160,0.153822
73180,0.285745
73200,0.285715
73220,0.161316
73240,0.153385
73260,0.161295
73280,0.285748
73300,0.153868
73320,0.153882
73340,0.158314
73360,0.001249
73380,0.158941
73400,0.285711
73420,0.154076
73440,0.001248
73460,0.001247
73480,0.161720
73500,0.001244
73520,0.285407
73540,0.285704
73560,0.158489
73580,0.153650
73600,0.161442
73620,0.161648
73640,0.285649
73660,0.161689
73680,0.154017
73700,0.159333
73720,0.158595
73740,0.001241
73760,0.001244
73780,0.285623
73800,0.285609
73820,0.161555
73840,0.285478
73860,0.158622
73880,0.285500
73900,0.150395
73920,0.001241
73940,0.001242
73960,0.153197
73980,0.285594
74000,0.001241
74020,0.001238
74040,0.285247
74060,0.285573
74080,0.159120
74100,0.150206
74120,0.285267
74140,0.285662
74160,0.285305
74180,0.001237
74200,0.001240
74220,0.285266
74240,0.158572
74260,0.161470
74280,0.161725
74300,0.161661
74320,0.161045
74340,0.153455
74360,0.001238
74380,0.154034
74400,0.157697
74420,0.158302
74440,0.150457
74460,0.285350
74480,0.158323
74500,0.001235
74520,0.153253
74540,0.285370
74560,0.161366
74580,0.001236
74600,0.285562
74620,0.001232
74640,0.150473
74660,0.161186
74680,0.160912
74700,0.285370
74720,0.001231
74740,0.001231
74760,0.285407
74780,0.160895
74800,0.161002
74820,0.285235
74840,0.285378
74860,0.153663
74880,0.285529
74900,0.152949
74920,0.161428
74940,0.285363
74960,0.285236
74980,0.157311
75000,0.161899
75020,0.158090
75040,0.001229
75060,0.001230
75080,0.285391
75100,0.158671
75120,0.161380
75140,0.285504
75160,0.152978
75180,0.285494
75200,0.285356
75220,0.161402
75240,0.152816
75260,0.160985
75280,0.001227
75300,0.153531
75320,0.001227
75340,0.001227
75360,0.158508
75380,0.285277
75400,0.158208
75420,0.285466
75440,0.285447
75460,0.158352
75480,0.001225
75500,0.160713
75520,0.153504
75540,0.161271
75560,0.001225
75580,0.153202
75600,0.162400
75620,0.158273
75640,0.001224
75660,0.001221
75680,0.285438
75700,0.001222
75720,0.285414
75740,0.149969
75760,0.153332
75780,0.285083
75800,0.149624
75820,0.001222
75840,0.162012
75860,0.153004
75880,0.001220
75900,0.160853
75920,0.285251
75940,0.150057
75960,0.150018
75980,0.285072
76000,0.001220
76020,0.152589
76040,0.285211
76060,0.001217
76080,0.150576
76100,0.001218
76120,0.150675
76140,0.285065
76160,0.159934
76180,0.160088
76200,0.157817
76220,0.150440
76240,0.285060
76260,0.153389
76280,0.001214
76300,0.001214
76320,0.160897
76340,0.285362
76360,0.001216
76380,0.285052
76400,0.160805
76420,0.001215
76440,0.001213
76460,0.284970
76480,0.001212
76500,0.160969
76520,0.153615
76540,0.284999
76560,0.150478
76580,0.153406
76600,0.153298
76620,0.158490
76640,0.161040
76660,0.001213
76680,0.157645
76700,0.161451
76720,0.001213
76740,0.150186
76760,0.001210
76780,0.149760
76800,0.152563
76820,0.161151
76840,0.285250
76860,0.158342
76880,0.153159
76900,0.001211
76920,0.153971
76940,0.285278
76960,0.284950
76980,0.285246
77000,0.150703
77020,0.157831
77040,0.153676
77060,0.161068
77080,0.160630
77100,0.154372
77120,0.159968
77140,0.284941
77160,0.001206
77180,0.161717
77200,0.154079
77220,0.284935
77240,0.284957
77260,0.001205
77280,0.001206
77300,0.154099
77320,0.160385
77340,0.285040
77360,0.149429
77380,0.285076
77400,0.285058
77420,0.161495
77440,0.284847
77460,0.001203
77480,0.160873
77500,0.150517
77520,0.149926
77540,0.149975
77560,0.153620
77580,0.285009
77600,0.285172
77620,0.149843
77640,0.158534
77660,0.285000
77680,0.001202
77700,0.153014
77720,0.149413
77740,0.001200
77760,0.157082
77780,0.152924
77800,0.001199
77820,0.150108
77840,0.153002
77860,0.161106
77880,0.284807
77900,0.153602
77920,0.284950
77940,0.001198
77960,0.001198
77980,0.001198
78000,0.285114
78020,0.160349
78040,0.160425
78060,0.001200
78080,0.160457
78100,0.001196
78120,0.153277
78140,0.001198
78160,0.150438
78180,0.284776
78200,0.152991
78220,0.154096
78240,0.285001
78260,0.157933
78280,0.150337
78300,0.157755
78320,0.161464
78340,0.285089
78360,0.161161
78380,0.284756
78400,0.161000
78420,0.001193
78440,0.160430
78460,0.284891
78480,0.285042
78500,0.161694
78520,0.285076
78540,0.001194
78560,0.284905
78580,0.158401
78600,0.150401
78620,0.284927
78640,0.285016
78660,0.284716
78680,0.158363
78700,0.157610
78720,0.285027
78740,0.284915
78760,0.152806
78780,0.284911
78800,0.149845
78820,0.149160
78840,0.284619
78860,0.158485
78880,0.152849
78900,0.001188
78920,0.160322
78940,0.158026
78960,0.160923
78980,0.284795
79000,0.284675
79020,0.153401
79040,0.157578
79060,0.001189
79080,0.284819
79100,0.001189
79120,0.284826
79140,0.153136
79160,0.284832
79180,0.001186
79200,0.161317
79220,0.284614
79240,0.152355
79260,0.001188
79280,0.001185
79300,0.160730
79320,0.284967
79340,0.001187
79360,0.284986
79380,0.160440
79400,0.153246
79420,0.001183
79440,0.284975
79460,0.153463
79480,0.157808
79500,0.149614
79520,0.284922
79540,0.284819
79560,0.153122
79580,0.001184
79600,0.284630
79620,0.001184
79640,0.161104
79660,0.284780
79680,0.153648
79700,0.160895
79720,0.001181
79740,0.159998
79760,0.284923
79780,0.284889
79800,0.284733
79820,0.150185
79840,0.001182
79860,0.284765
79880,0.001182
79900,0.160986
79920,0.152275
79940,0.001178
79960,0.148902
79980,0.001180
80000,0.158055
80020,0.001181
80040,0.001179
80060,0.001179
80080,0.284752
80100,0.153470
80120,0.001179
80140,0.001179
80160,0.160816
80180,0.284698
80200,0.158453
80220,0.284665
80240,0.284666
80260,0.001176
80280,0.149741
80300,0.153102
80320,0.284676
80340,0.001175
80360,0.160699
80380,0.001176
80400,0.154069
80420,0.153504
80440,0.001175
80460,0.153506
80480,0.284524
80500,0.157936
80520,0.150487
80540,0.149397
80560,0.161264
80580,0.284802
80600,0.001174
80620,0.161508
80640,0.284489
80660,0.157599
80680,0.160894
80700,0.157916
80720,0.284652
80740,0.284466
80760,0.152921
80780,0.284591
80800,0.001170
80820,0.153609
80840,0.150101
80860,0.284647
80880,0.160778
80900,0.150012
80920,0.152685
80940,0.152773
80960,0.160172
80980,0.152576
81000,0.158883
81020,0.157811
81040,0.161106
81060,0.001171
81080,0.149573
81100,0.161992
81120,0.284582
81140,0.284567
81160,0.284596
81180,0.160571
81200,0.284506
81220,0.284776
81240,0.001166
81260,0.148968
81280,0.158550
81300,0.001166
81320,0.001165
81340,0.157607
81360,0.161220
81380,0.284557
81400,0.158271
81420,0.157622
81440,0.001166
81460,0.161291
81480,0.153103
81500,0.284541
81520,0.150267
81540,0.284484
81560,0.158156
81580,0.284604
81600,0.284317
81620,0.001163
81640,0.149729
81660,0.001165
81680,0.284700
81700,0.001165
81720,0.001165
81740,0.149972
81760,0.001163
81780,0.160591
81800,0.284519
81820,0.284677
81840,0.160498
81860,0.001162
81880,0.284490
81900,0.001162
81920,0.161119
81940,0.160060
81960,0.001161
81980,0.284341
82000,0.284263
82020,0.001162
82040,0.284269
82060,0.158060
82080,0.284343
82100,0.284640
82120,0.150329
82140,0.153206
82160,0.001161
82180,0.001158
82200,0.153536
82220,0.153231
82240,0.161078
82260,0.149909
82280,0.160658
82300,0.001159
82320,0.001158
82340,0.284481
82360,0.001159
82380,0.160100
82400,0.157258
82420,0.001157
82440,0.153471
82460,0.152926
82480,0.284597
82500,0.160314
82520,0.001155
82540,0.001156
82560,0.159374
82580,0.001157
82600,0.152865
82620,0.152394
82640,0.148367
82660,0.284226
82680,0.152266
82700,0.149345
82720,0.152265
82740,0.162261
82760,0.284222
82780,0.161408
82800,0.152376
82820,0.148794
82840,0.161779
82860,0.284220
82880,0.161078
82900,0.001153
82920,0.001153
82940,0.152962
82960,0.148643
82980,0.157312
83000,0.001150
83020,0.149559
83040,0.152490
83060,0.152115
83080,0.158607
83100,0.161167
83120,0.284430
83140,0.156611
83160,0.160215
83180,0.150828
83200,0.157983
83220,0.152784
83240,0.152465
83260,0.157634
83280,0.160365
83300,0.001147
83320,0.001149
83340,0.001149
83360,0.001150
83380,0.153370
83400,0.284334
83420,0.160605
83440,0.284130
83460,0.161010
83480,0.001148
83500,0.153351
83520,0.001147
83540,0.001148
83560,0.284324
83580,0.284127
83600,0.284469
83620,0.153247
83640,0.284076
83660,0.152817
83680,0.284479
83700,0.159661
83720,0.284179
83740,0.001146
83760,0.001145
83780,0.153444
83800,0.154012
83820,0.284322
83840,0.160712
83860,0.284085
83880,0.001143
83900,0.001144
83920,0.149088
83940,0.152426
83960,0.151565
83980,0.158255
84000,0.001143
84020,0.001141
84040,0.284239
84060,0.001143
84080,0.153252
84100,0.149716
84120,0.001143
84140,0.001140
84160,0.001140
84180,0.284085
84200,0.152812
84220,0.284120
84240,0.284085
84260,0.001142
84280,0.001142
84300,0.284066
84320,0.160820
84340,0.001141
84360,0.284046
84380,0.152832
84400,0.160348
84420,0.001140
84440,0.153042
84460,0.001140
84480,0.001137
84500,0.161474
84520,0.284199
84540,0.150067
84560,0.159752
84580,0.153026
84600,0.001136
84620,0.001139
84640,0.284343
84660,0.001138
84680,0.284315
84700,0.152072
84720,0.284185
84740,0.001137
84760,0.152804
84780,0.149617
84800,0.152707
84820,0.152522
84840,0.160510
84860,0.284007
84880,0.152716
84900,0.160697
84920,0.160248
84940,0.283984
84960,0.160718
84980,0.152513
85000,0.001135
85020,0.148674
85040,0.162059
85060,0.148894
85080,0.152685
85100,0.153429
85120,0.001134
85140,0.001134
85160,0.153204
85180,0.149916
85200,0.159919
85220,0.157517
85240,0.001133
85260,0.284278
85280,0.001132
85300,0.001133
85320,0.153726
85340,0.161153
85360,0.149079
85380,0.001131
85400,0.160912
85420,0.283910
85440,0.149934
85460,0.001129
85480,0.001130
85500,0.283956
85520,0.149742
85540,0.283967
85560,0.152977
85580,0.152910
85600,0.001129
85620,0.001130
85640,0.161178
85660,0.283914
85680,0.160926
85700,0.284249
85720,0.284188
85740,0.157269
85760,0.283872
85780,0.284203
85800,0.152349
85820,0.152770
85840,0.001128
85860,0.157133
85880,0.283932
85900,0.159430
85920,0.001127
85940,0.153073
85960,0.153213
85980,0.284028
86000,0.283816
86020,0.284174
86040,0.001124
86060,0.001124
86080,0.160225
86100,0.149372
86120,0.157414
86140,0.159657
86160,0.001125
86180,0.160215
86200,0.153632
86220,0.160431
86240,0.160148
86260,0.149868
86280,0.153303
86300,0.157030
86320,0.283858
86340,0.153067
86360,0.001121
86380,0.283832
86400,0.152912
86420,0.152469
86440,0.160484
86460,0.001122
86480,0.157902
86500,0.153377
86520,0.149824
86540,0.160808
86560,0.001122
86580,0.158005
86600,0.160514
86620,0.153029
86640,0.283930
86660,0.001120
86680,0.001119
86700,0.001120
86720,0.001121
86740,0.001120
86760,0.149696
86780,0.160890
86800,0.161162
86820,0.001119
86840,0.152888
86860,0.001119
86880,0.284077
86900,0.160276
86920,0.001117
86940,0.149312
86960,0.151990
86980,0.160892
87000,0.001116
87020,0.159729
87040,0.150397
87060,0.160503
87080,0.001118
87100,0.148595
87120,0.284048
87140,0.152763
87160,0.157212
87180,0.001117
87200,0.152906
87220,0.284061
87240,0.160039
87260,0.149628
87280,0.160450
87300,0.153111
87320,0.001116
87340,0.148724
87360,0.283766
87380,0.161089
87400,0.001115
87420,0.160355
87440,0.160374
87460,0.160392
87480,0.159969
87500,0.284015
87520,0.001113
87540,0.160653
87560,0.157023
87580,0.160371
87600,0.156948
87620,0.153088
87640,0.001112
87660,0.283691
87680,0.283744
87700,0.160937
87720,0.001113
87740,0.157264
87760,0.160291
87780,0.001112
87800,0.152206
87820,0.284023
87840,0.001111
87860,0.001111
87880,0.001111
87900,0.149647
87920,0.151891
87940,0.283795
87960,0.152439
87980,0.001109
88000,0.152453
88020,0.157326
88040,0.283821
88060,0.150055
88080,0.156456
88100,0.153077
88120,0.001109
88140,0.001107
88160,0.160764
88180,0.160328
88200,0.001106
88220,0.153718
88240,0.283634
88260,0.152705
88280,0.160651
88300,0.001105
88320,0.157067
88340,0.001108
88360,0.153388
88380,0.283678
88400,0.159880
88420,0.160426
88440,0.283882
88460,0.001104
88480,0.001106
88500,0.283603
88520,0.148960
88540,0.283560
88560,0.001105
88580,0.160162
88600,0.160381
88620,0.283923
88640,0.149770
88660,0.001104
88680,0.001103
88700,0.283770
88720,0.283911
88740,0.150124
88760,0.149783
88780,0.001102
88800,0.001104
88820,0.001101
88840,0.283598
88860,0.283574
88880,0.153215
88900,0.001103
88920,0.160746
88940,0.001102
88960,0.160305
88980,0.160104
89000,0.153114
89020,0.149831
89040,0.001100
89060,0.152941
89080,0.160920
89100,0.152922
89120,0.001101
89140,0.283689
89160,0.283875
89180,0.283747
89200,0.283692
89220,0.283520
89240,0.283840
89260,0.160326
89280,0.283884
89300,0.149959
89320,0.283705
89340,0.001100
89360,0.001097
89380,0.283752
89400,0.283826
89420,0.159568
89440,0.156746
89460,0.283481
89480,0.152126
89500,0.283667
89520,0.283804
89540,0.001096
89560,0.283706
89580,0.001097
89600,0.157261
89620,0.159542
89640,0.159893
89660,0.160171
89680,0.001095
89700,0.160891
89720,0.149177
89740,0.149603
89760,0.160459
89780,0.159548
89800,0.283670
89820,0.149932
89840,0.001093
89860,0.160979
89880,0.153082
89900,0.149221
89920,0.283535
89940,0.156969
89960,0.159135
89980,0.283758
90000,0.283480
90020,0.152996
90040,0.001092
90060,0.152936
90080,0.160882
90100,0.283485
90120,0.001094
90140,0.001093
90160,0.154128
90180,0.149604
90200,0.157482
90220,0.001093
90240,0.157732
90260,0.001090
90280,0.160198
90300,0.152925
90320,0.152460
90340,0.149725
90360,0.149525
90380,0.159925
90400,0.283763
90420,0.283576
90440,0.152568
90460,0.152706
90480,0.160004
90500,0.152774
90520,0.152331
90540,0.283441
90560,0.152865
90580,0.283717
90600,0.001088
90620,0.148667
90640,0.152693
90660,0.153459
90680,0.001090
90700,0.001087
90720,0.283508
90740,0.283575
90760,0.149302
90780,0.159702
90800,0.153101
90820,0.283530
90840,0.001087
90860,0.283357
90880,0.283482
90900,0.157961
90920,0.283675
90940,0.148872
90960,0.157571
90980,0.158558
91000,0.001087
91020,0.283327
91040,0.152359
91060,0.157376
91080,0.283496
91100,0.148809
91120,0.001085
91140,0.001086
91160,0.001085
91180,0.283486
91200,0.283479
91220,0.283646
91240,0.283653
91260,0.153022
91280,0.001085
91300,0.153148
91320,0.149430
91340,0.283307
91360,0.283274
91380,0.001082
91400,0.001082
91420,0.001083
91440,0.283245
91460,0.152698
91480,0.283304
91500,0.153458
91520,0.149244
91540,0.283595
91560,0.283574
91580,0.283323
91600,0.283606
91620,0.157100
91640,0.283235
91660,0.001082
91680,0.001080
91700,0.159863
91720,0.283421
91740,0.283416
91760,0.001079
91780,0.159311
91800,0.283574
91820,0.001078
91840,0.283439
91860,0.283255
91880,0.151954
91900,0.152046
91920,0.283436
91940,0.152141
91960,0.001077
91980,0.283266
92000,0.001080
92020,0.160610
92040,0.152843
92060,0.001079
92080,0.149579
92100,0.152911
92120,0.152489
92140,0.152439
92160,0.001078
92180,0.160922
92200,0.001078
92220,0.152810
92240,0.001078
92260,0.156044
92280,0.160536
92300,0.283546
92320,0.149487
92340,0.001074
92360,0.159664
92380,0.001074
92400,0.149419
92420,0.152628
92440,0.160223
92460,0.152500
92480,0.159507
92500,0.001076
92520,0.283564
92540,0.283472
92560,0.148734
92580,0.283362
92600,0.283321
92620,0.152403
92640,0.001075
92660,0.152107
92680,0.001074
92700,0.160663
92720,0.152446
92740,0.001074
92760,0.153319
92780,0.001074
92800,0.159497
92820,0.159703
92840,0.001073
92860,0.001073
92880,0.283346
92900,0.152570
92920,0.283141
92940,0.153148
92960,0.152758
92980,0.001072
93000,0.152181
93020,0.001072
93040,0.148610
93060,0.159646
93080,0.159448
93100,0.001071
93120,0.156791
93140,0.001070
93160,0.159811
93180,0.159383
93200,0.152679
93220,0.001068
93240,0.283101
93260,0.149880
93280,0.149214
93300,0.001069
93320,0.152175
93340,0.283461
93360,0.001070
93380,0.283066
93400,0.001069
93420,0.001068
93440,0.159416
93460,0.159434
93480,0.283085
93500,0.152954
93520,0.156749
93540,0.157396
93560,0.001066
93580,0.283394
93600,0.160983
93620,0.001067
93640,0.283381
93660,0.001067
93680,0.283221
93700,0.159508
93720,0.149726
93740,0.001066
93760,0.159602
93780,0.159403
93800,0.001067
93820,0.001065
93840,0.001066
93860,0.153719
93880,0.283079
93900,0.001063
93920,0.160569
93940,0.152147
93960,0.152621
93980,0.283107
94000,0.001065
94020,0.001064
94040,0.156398
94060,0.001062
94080,0.283042
94100,0.001064
94120,0.159541
94140,0.283239
94160,0.153426
94180,0.283084
94200,0.001063
94220,0.152583
94240,0.149263
94260,0.159964
94280,0.001063
94300,0.001062
94320,0.159581
94340,0.001060
94360,0.283029
94380,0.160837
94400,0.152620
94420,0.283348
94440,0.149506
94460,0.001059
94480,0.283352
94500,0.156148
94520,0.001060
94540,0.001060
94560,0.283121
94580,0.001060
94600,0.283145
94620,0.152371
94640,0.001060
94660,0.283299
94680,0.149452
94700,0.148913
94720,0.159739
94740,0.283287
94760,0.159666
94780,0.160171
94800,0.153240
94820,0.001058
94840,0.159221
94860,0.159756
94880,0.001058
94900,0.149885
94920,0.001056
94940,0.282971
94960,0.283275
94980,0.283270
95000,0.283127
95020,0.001057
95040,0.151618
95060,0.157279
95080,0.282977
95100,0.159092
95120,0.152747
95140,0.001057
95160,0.001057
95180,0.282955
95200,0.283215
95220,0.149141
95240,0.159293
95260,0.001054
95280,0.150067
95300,0.283112
95320,0.159006
95340,0.156552
95360,0.283250
95380,0.158767
95400,0.283081
95420,0.156301
95440,0.283036
95460,0.152309
95480,0.283273
95500,0.001052
95520,0.152006
95540,0.283214
95560,0.001053
95580,0.001054
95600,0.001051
95620,0.001051
95640,0.159874
95660,0.001052
95680,0.001052
95700,0.283183
95720,0.001050
95740,0.283021
95760,0.282891
95780,0.159783
95800,0.159682
95820,0.001052
95840,0.148899
95860,0.001051
95880,0.283021
95900,0.152705
95920,0.001050
95940,0.152867
95960,0.282845
95980,0.001051
96000,0.159294
96020,0.150327
96040,0.158890
96060,0.158995
96080,0.153739
96100,0.001049
96120,0.160201
96140,0.282943
96160,0.148125
96180,0.001047
96200,0.152297
96220,0.001047
96240,0.283160
96260,0.152269
96280,0.282946
96300,0.159898
96320,0.152581
96340,0.282788
96360,0.151767
96380,0.152415
96400,0.001047
96420,0.153004
96440,0.153381
96460,0.283120
96480,0.152569
96500,0.156499
96520,0.001046
96540,0.149458
96560,0.283053
96580,0.001047
96600,0.001046
96620,0.157353
96640,0.156478
96660,0.001046
96680,0.157359
96700,0.160066
96720,0.159074
96740,0.001043
96760,0.158883
96780,0.159194
96800,0.282791
96820,0.001043
96840,0.156108
96860,0.283112
96880,0.156620
96900,0.152496
96920,0.282748
96940,0.282946
96960,0.001042
96980,0.001044
97000,0.159571
97020,0.152112
97040,0.159959
97060,0.283075
97080,0.001041
97100,0.001041
97120,0.159040
97140,0.001042
97160,0.283044
97180,0.152879
97200,0.282771
97220,0.001042
97240,0.282714
97260,0.152176
97280,0.283021
97300,0.001039
97320,0.157684
97340,0.001041
97360,0.149085
97380,0.149048
97400,0.283027
97420,0.001039
97440,0.001038
97460,0.151910
97480,0.001038
97500,0.001040
97520,0.149486
97540,0.159378
97560,0.001039
97580,0.282959
97600,0.158962
97620,0.001038
97640,0.001039
97660,0.282720
97680,0.153490
97700,0.282797
97720,0.159772
97740,0.159393
97760,0.001039
97780,0.149788
97800,0.152336
97820,0.159281
97840,0.159521
97860,0.159205
97880,0.001036
97900,0.282873
97920,0.001037
97940,0.153276
97960,0.158878
97980,0.282997
98000,0.158736
98020,0.152835
98040,0.159694
98060,0.001036
98080,0.001034
98100,0.001034
98120,0.152497
98140,0.152427
98160,0.001034
98180,0.282894
98200,0.157193
98220,0.156672
98240,0.001035
98260,0.156938
98280,0.282663
98300,0.153592
98320,0.159124
98340,0.152805
98360,0.001034
98380,0.151683
98400,0.001034
98420,0.151380
98440,0.001033
98460,0.001033
98480,0.149445
98500,0.152805
98520,0.001032
98540,0.001032
98560,0.153106
98580,0.151856
98600,0.282870
98620,0.282731
98640,0.001030
98660,0.001032
98680,0.001032
98700,0.001032
98720,0.001031
98740,0.001029
98760,0.151959
98780,0.282685
98800,0.157292
98820,0.282756
98840,0.152537
98860,0.001031
98880,0.001029
98900,0.159773
98920,0.156545
98940,0.001030
98960,0.001030
98980,0.155641
99000,0.153360
99020,0.282709
99040,0.282648
99060,0.001030
99080,0.001030
99100,0.159777
99120,0.159835
99140,0.001029
99160,0.001029
99180,0.159405
99200,0.156679
99220,0.001029
99240,0.149108
99260,0.160202
99280,0.152519
99300,0.156883
99320,0.149163
99340,0.001027
99360,0.282519
99380,0.282751
99400,0.159740
99420,0.152598
99440,0.159484
99460,0.282565
99480,0.152529
99500,0.282833
99520,0.001026
99540,0.160054
99560,0.159899
99580,0.152024
99600,0.282500
99620,0.152419
99640,0.148784
99660,0.159845
99680,0.001024
99700,0.156699
99720,0.282814
99740,0.159546
99760,0.282785
99780,0.001025
99800,0.001025
99820,0.160018
99840,0.001025
99860,0.001024
99880,0.001025
99900,0.282797
99920,0.001024
99940,0.157051
99960,0.159165
99980,0.152036
