0,0.501919
20,0.406896
40,0.389189
60,0.368665
80,0.045836
100,0.361966
120,0.021846
140,0.347687
160,0.341511
180,0.335212
200,0.338074
220,0.029818
240,0.327176
260,0.331519
280,0.045473
300,0.323591
320,0.322888
340,0.326182
360,0.027492
380,0.320988
400,0.322143
420,0.021496
440,0.017940
460,0.318145
480,0.317572
500,0.016916
520,0.315885
540,0.315638
560,0.013976
580,0.013479
600,0.313654
620,0.013105
640,0.312420
660,0.011870
680,0.011515
700,0.011505
720,0.010887
740,0.010602
760,0.010564
780,0.308955
800,0.308739
820,0.009604
840,0.307826
860,0.009333
880,0.306955
900,0.008804
920,0.306267
940,0.306119
960,0.008370
980,0.008221
1000,0.008058
1020,0.007808
1040,0.007758
1060,0.007610
1080,0.303741
1100,0.303551
1120,0.007156
1140,0.302879
1160,0.302750
1180,0.302132
1200,0.302192
1220,0.006608
1240,0.301602
1260,0.301483
1280,0.301150
1300,0.006293
1320,0.006152
1340,0.300498
1360,0.005984
1380,0.005904
1400,0.005823
1420,0.005745
1440,0.005714
1460,0.299286
1480,0.005531
1500,0.298819
1520,0.298748
1540,0.005392
1560,0.005329
1580,0.298077
1600,0.298042
1620,0.297870
1640,0.297738
1660,0.004986
1680,0.297412
1700,0.004883
1720,0.004829
1740,0.296887
1760,0.004737
1780,0.296542
1800,0.296592
1820,0.004599
1840,0.296121
1860,0.004509
1880,0.295937
1900,0.295766
1920,0.004414
1940,0.004344
1960,0.004300
1980,0.295259
2000,0.004251
2020,0.004213
2040,0.004179
2060,0.294751
2080,0.294620
2100,0.004071
2120,0.294326
2140,0.003982
2160,0.003949
2180,0.003935
2200,0.293919
2220,0.293872
2240,0.003844
2260,0.293459
2280,0.003783
2300,0.003740
2320,0.293299
2340,0.293076
2360,0.003669
2380,0.292871
2400,0.003614
2420,0.292716
2440,0.003564
2460,0.003541
2480,0.003499
2500,0.003489
2520,0.292187
2540,0.292164
2560,0.003402
2580,0.291936
2600,0.291832
2620,0.003350
2640,0.003326
2660,0.291548
2680,0.003283
2700,0.291415
2720,0.003227
2740,0.003218
2760,0.291022
2780,0.291185
2800,0.003159
2820,0.290796
2840,0.290820
2860,0.290762
2880,0.003082
2900,0.290552
2920,0.290404
2940,0.003031
2960,0.003011
2980,0.002994
3000,0.002977
3020,0.002945
3040,0.290046
3060,0.289891
3080,0.289840
3100,0.289794
3120,0.289700
3140,0.002859
3160,0.289559
3180,0.289503
3200,0.289454
3220,0.289376
3240,0.289333
3260,0.289211
3280,0.289160
3300,0.289001
3320,0.002724
3340,0.002709
3360,0.002692
3380,0.002679
3400,0.002656
3420,0.002642
3440,0.288618
3460,0.002624
3480,0.288508
3500,0.002600
3520,0.288394
3540,0.002574
3560,0.288142
3580,0.288069
3600,0.002529
3620,0.288148
3640,0.287956
3660,0.287907
3680,0.002491
3700,0.002479
3720,0.287733
3740,0.287677
3760,0.002442
3780,0.287547
3800,0.002412
3820,0.287465
3840,0.287440
3860,0.002388
3880,0.002377
3900,0.002356
3920,0.287192
3940,0.002347
3960,0.287093
3980,0.287033
4000,0.002310
4020,0.002307
4040,0.286934
4060,0.002285
4080,0.002276
4100,0.286649
4120,0.286629
4140,0.002241
4160,0.286543
4180,0.286528
4200,0.002213
4220,0.002203
4240,0.286395
4260,0.002186
4280,0.002185
4300,0.286197
4320,0.002167
4340,0.286169
4360,0.286052
4380,0.002134
4400,0.002125
4420,0.285936
4440,0.002116
4460,0.285896
4480,0.002099
4500,0.002085
4520,0.285650
4540,0.285680
4560,0.002069
4580,0.285538
4600,0.285523
4620,0.285485
4640,0.002038
4660,0.002031
4680,0.002018
4700,0.285268
4720,0.285270
4740,0.001995
4760,0.001988
4780,0.285155
4800,0.285047
4820,0.001974
4840,0.001960
4860,0.001953
4880,0.001945
4900,0.284857
4920,0.001937
4940,0.284740
4960,0.284774
4980,0.001917
