0,0.584180
20,0.416133
40,0.335190
60,0.195561
80,0.010673
100,0.214939
120,0.074532
140,0.080562
160,0.297952
180,0.001407
200,0.028137
220,0.001009
240,0.000940
260,0.094572
280,0.075670
300,0.097620
320,0.073058
340,0.031671
360,0.001220
380,0.036535
400,0.015836
420,0.021263
440,0.011517
460,0.015345
480,0.003257
500,0.003004
520,0.000904
540,0.002605
560,0.000796
580,0.002018
600,0.002065
620,0.001695
640,0.003581
660,0.003306
680,0.000575
700,0.001324
720,0.001235
740,0.003018
760,0.001062
780,0.002741
800,0.000436
820,0.002083
840,0.001657
860,0.000821
880,0.000758
900,0.001372
920,0.001280
940,0.000323
960,0.001242
980,0.001078
1000,0.001187
1020,0.000273
1040,0.000263
1060,0.000866
1080,0.000828
1100,0.000898
1120,0.000229
1140,0.000859
1160,0.000685
1180,0.000205
1200,0.000623
1220,0.000192
1240,0.000186
1260,0.000548
1280,0.000314
1300,0.000310
1320,0.000488
1340,0.000157
1360,0.000263
1380,0.000148
1400,0.000419
1420,0.000424
1440,0.000390
1460,0.000234
1480,0.000363
1500,0.000124
1520,0.000121
1540,0.000118
1560,0.000318
1580,0.000187
1600,0.000109
1620,0.000106
1640,0.000280
1660,0.000101
1680,0.000164
1700,0.000167
1720,0.000094
1740,0.000158
1760,0.000235
1780,0.000228
1800,0.000237
1820,0.000143
1840,0.000239
1860,0.000204
1880,0.000078
1900,0.000194
1920,0.000189
1940,0.000073
1960,0.000180
1980,0.000175
2000,0.000171
2020,0.000166
2040,0.000103
2060,0.000108
2080,0.000063
2100,0.000180
2120,0.000148
2140,0.000163
2160,0.000058
2180,0.000057
2200,0.000089
2220,0.000147
2240,0.000085
2260,0.000084
2280,0.000052
2300,0.000051
2320,0.000050
2340,0.000139
2360,0.000125
2380,0.000047
2400,0.000073
2420,0.000072
2440,0.000045
2460,0.000114
2480,0.000102
2500,0.000043
2520,0.000098
2540,0.000041
2560,0.000064
2580,0.000040
2600,0.000039
2620,0.000039
2640,0.000087
2660,0.000058
2680,0.000084
2700,0.000083
2720,0.000057
2740,0.000091
2760,0.000035
2780,0.000054
2800,0.000034
2820,0.000033
2840,0.000033
2860,0.000072
2880,0.000051
2900,0.000080
2920,0.000069
2940,0.000077
2960,0.000074
2980,0.000075
3000,0.000046
3020,0.000064
3040,0.000071
3060,0.000043
3080,0.000067
3100,0.000043
3120,0.000042
3140,0.000058
3160,0.000041
3180,0.000056
3200,0.000039
3220,0.000062
3240,0.000025
3260,0.000062
3280,0.000052
3300,0.000037
3320,0.000036
3340,0.000024
3360,0.000036
3380,0.000049
3400,0.000054
3420,0.000035
3440,0.000022
3460,0.000046
3480,0.000033
3500,0.000050
3520,0.000032
3540,0.000051
3560,0.000049
3580,0.000043
3600,0.000048
3620,0.000042
3640,0.000047
3660,0.000041
3680,0.000040
3700,0.000044
3720,0.000044
3740,0.000044
3760,0.000028
3780,0.000038
3800,0.000043
3820,0.000037
3840,0.000041
3860,0.000036
3880,0.000026
3900,0.000040
3920,0.000035
3940,0.000038
3960,0.000017
3980,0.000033
4000,0.000016
4020,0.000024
4040,0.000016
4060,0.000037
4080,0.000037
4100,0.000036
4120,0.000015
4140,0.000023
4160,0.000034
4180,0.000034
4200,0.000022
4220,0.000015
4240,0.000014
4260,0.000021
4280,0.000033
4300,0.000014
4320,0.000028
4340,0.000020
4360,0.000014
4380,0.000027
4400,0.000013
4420,0.000013
4440,0.000020
4460,0.000029
4480,0.000019
4500,0.000019
4520,0.000019
4540,0.000013
4560,0.000012
4580,0.000028
4600,0.000027
4620,0.000024
4640,0.000026
4660,0.000027
4680,0.000018
4700,0.000023
4720,0.000023
4740,0.000011
4760,0.000017
4780,0.000022
4800,0.000022
4820,0.000024
4840,0.000016
4860,0.000024
4880,0.000016
4900,0.000021
4920,0.000016
4940,0.000020
4960,0.000015
4980,0.000010
