0,0.473337
20,0.448264
40,0.410843
60,0.405381
80,0.341866
100,0.369580
120,0.367838
140,0.336489
160,0.304415
180,0.401116
200,0.227842
220,0.320885
240,0.341611
260,0.337671
280,0.092330
300,0.331611
320,0.389043
340,0.388601
360,0.326363
380,0.325069
400,0.304961
420,0.024733
440,0.021751
460,0.320598
480,0.319231
500,0.317725
520,0.014846
540,0.389388
560,0.313024
580,0.311117
600,0.012387
620,0.307192
640,0.012153
660,0.012246
680,0.299474
700,0.294599
720,0.393029
740,0.393632
760,0.290955
780,0.283520
800,0.280104
820,0.276313
840,0.019154
860,0.284165
880,0.265115
900,0.023875
920,0.025647
940,0.027525
960,0.397891
980,0.243382
1000,0.033678
1020,0.234740
1040,0.230535
1060,0.226033
1080,0.271649
1100,0.270650
1120,0.270348
1140,0.047825
1160,0.049597
1180,0.401865
1200,0.193827
1220,0.054253
1240,0.055500
1260,0.179244
1280,0.174296
1300,0.058500
1320,0.164539
1340,0.059754
1360,0.154347
1380,0.405496
1400,0.405875
1420,0.406291
1440,0.406686
1460,0.268415
1480,0.123118
1500,0.407961
1520,0.408329
1540,0.107861
1560,0.269338
1580,0.098293
1600,0.409088
1620,0.054290
1640,0.270470
1660,0.081051
1680,0.409029
1700,0.049900
1720,0.070202
1740,0.067014
1760,0.046570
1780,0.272544
1800,0.044341
1820,0.273211
1840,0.273576
1860,0.041122
1880,0.040094
1900,0.047729
1920,0.275072
1940,0.275449
1960,0.036163
1980,0.041329
2000,0.034401
2020,0.033565
2040,0.395456
2060,0.277921
2080,0.035291
2100,0.278849
2120,0.390005
2140,0.032430
2160,0.387115
2180,0.385647
2200,0.384156
2220,0.281582
2240,0.282058
2260,0.282506
2280,0.024783
2300,0.024275
2320,0.375016
2340,0.025583
2360,0.284882
2380,0.285361
2400,0.024085
2420,0.367375
2440,0.021085
2460,0.287367
2480,0.022367
2500,0.361479
2520,0.019606
2540,0.019260
2560,0.018936
2580,0.020565
2600,0.354460
2620,0.353112
2640,0.351792
2660,0.019344
2680,0.017208
2700,0.293077
2720,0.018528
2740,0.294022
2760,0.016262
2780,0.343146
2800,0.295355
2820,0.295777
2840,0.015461
2860,0.338774
2880,0.297019
2900,0.297451
2920,0.014781
2940,0.298219
2960,0.015932
2980,0.298908
3000,0.299258
3020,0.331206
3040,0.330354
3060,0.015089
3080,0.328746
3100,0.014779
3120,0.013538
3140,0.301433
3160,0.301697
3180,0.301956
3200,0.324467
3220,0.013072
3240,0.013812
3260,0.012909
3280,0.013563
3300,0.013441
3320,0.013322
3340,0.012609
3360,0.012538
3380,0.012468
3400,0.012399
3420,0.012333
3440,0.012266
3460,0.012202
3480,0.317176
3500,0.012073
3520,0.012273
3540,0.011949
3560,0.315627
3580,0.011826
3600,0.305277
3620,0.011708
3640,0.314263
3660,0.305469
3680,0.011568
3700,0.011486
3720,0.011407
3740,0.011354
3760,0.011252
3780,0.011175
3800,0.011183
3820,0.011126
3840,0.311537
3860,0.311291
3880,0.010959
3900,0.305833
3920,0.310638
3940,0.010611
3960,0.010545
3980,0.310046
4000,0.305816
4020,0.309654
4040,0.309480
4060,0.305761
4080,0.309138
4100,0.308964
4120,0.010053
4140,0.308659
4160,0.308501
4180,0.305602
4200,0.305580
4220,0.010058
4240,0.307904
4260,0.009958
4280,0.009908
4300,0.305394
4320,0.009508
4340,0.307261
4360,0.305279
4380,0.306998
4400,0.009309
4420,0.306758
4440,0.306632
4460,0.009167
4480,0.304999
4500,0.306313
4520,0.009028
4540,0.008983
4560,0.009256
4580,0.009213
4600,0.009170
4620,0.009127
4640,0.305595
4660,0.305496
4680,0.305385
4700,0.304423
4720,0.008600
4740,0.008560
4760,0.008519
4780,0.008478
4800,0.008438
4820,0.008717
4840,0.304687
4860,0.304602
4880,0.304516
4900,0.304436
4920,0.008526
4940,0.008489
4960,0.304184
4980,0.304106
