0,0.434937
20,0.423831
40,0.408777
60,0.387911
80,0.405651
100,0.293937
120,0.319801
140,0.284744
160,0.155636
180,0.361509
200,0.277310
220,0.335088
240,0.143765
260,0.318134
280,0.233807
300,0.302332
320,0.251555
340,0.152357
360,0.247930
380,0.278264
400,0.231026
420,0.234010
440,0.269651
460,0.237242
480,0.234503
500,0.236885
520,0.234499
540,0.229356
560,0.256022
580,0.222714
600,0.160786
620,0.229162
640,0.162131
660,0.162360
680,0.223723
700,0.241969
720,0.242742
740,0.213417
760,0.215638
780,0.165341
800,0.213574
820,0.216645
840,0.230803
860,0.231297
880,0.171251
900,0.205743
920,0.225689
940,0.179522
960,0.209589
980,0.223549
1000,0.181688
1020,0.210121
1040,0.199232
1060,0.215377
1080,0.185526
1100,0.200953
1120,0.196711
1140,0.187867
1160,0.201149
1180,0.203355
1200,0.197017
1220,0.200180
1240,0.195207
1260,0.194821
1280,0.202892
1300,0.194979
1320,0.198753
1340,0.197899
1360,0.200693
1380,0.204263
1400,0.197589
1420,0.199384
1440,0.198870
1460,0.202733
1480,0.194910
1500,0.197636
1520,0.200344
1540,0.190100
1560,0.199828
1580,0.192973
1600,0.197338
1620,0.193469
1640,0.191815
1660,0.195577
1680,0.190952
1700,0.194697
1720,0.193523
1740,0.195243
1760,0.193687
1780,0.190225
1800,0.194018
1820,0.195246
1840,0.194866
1860,0.190940
1880,0.192845
1900,0.193153
1920,0.189581
1940,0.190243
1960,0.194097
1980,0.191633
2000,0.193843
2020,0.189113
2040,0.189094
2060,0.188310
2080,0.191882
2100,0.188363
2120,0.189105
2140,0.190865
2160,0.193038
2180,0.192332
2200,0.187927
2220,0.187680
2240,0.192463
2260,0.187980
2280,0.187936
2300,0.191393
2320,0.187374
2340,0.191247
2360,0.191721
2380,0.191775
2400,0.186365
2420,0.185397
2440,0.190372
2460,0.186424
2480,0.190510
2500,0.187618
2520,0.190740
2540,0.184568
2560,0.191267
2580,0.191173
2600,0.185527
2620,0.189559
2640,0.184071
2660,0.189574
2680,0.186794
2700,0.184938
2720,0.184898
2740,0.187652
2760,0.189404
2780,0.186574
2800,0.183597
2820,0.186793
2840,0.188082
2860,0.188850
2880,0.185075
2900,0.189048
2920,0.187290
2940,0.186064
2960,0.183210
2980,0.189660
3000,0.185055
3020,0.186580
3040,0.186487
3060,0.189313
3080,0.184177
3100,0.184949
3120,0.185656
3140,0.184885
3160,0.188232
3180,0.181419
3200,0.183676
3220,0.184904
3240,0.180542
3260,0.184355
3280,0.188960
3300,0.184254
3320,0.183978
3340,0.184604
3360,0.183642
3380,0.188245
3400,0.183444
3420,0.183592
3440,0.185384
3460,0.184693
3480,0.179515
3500,0.183812
3520,0.183004
3540,0.182982
3560,0.184460
3580,0.179619
3600,0.183486
3620,0.179378
3640,0.183643
3660,0.186988
3680,0.179654
3700,0.182241
3720,0.181950
3740,0.182546
3760,0.182862
3780,0.187298
3800,0.182806
3820,0.182800
3840,0.180365
3860,0.186256
3880,0.181682
3900,0.183305
3920,0.179106
3940,0.185764
3960,0.181701
3980,0.186200
4000,0.180959
4020,0.185663
4040,0.185678
4060,0.181434
4080,0.181781
4100,0.177892
4120,0.185624
4140,0.186442
4160,0.182119
4180,0.180018
4200,0.180825
4220,0.185434
4240,0.181502
4260,0.177750
4280,0.181189
4300,0.180742
4320,0.176290
4340,0.179160
4360,0.179505
4380,0.185960
4400,0.180126
4420,0.184689
4440,0.184642
4460,0.185527
4480,0.179684
4500,0.184541
4520,0.185052
4540,0.179714
4560,0.180469
4580,0.184206
4600,0.183398
4620,0.176014
4640,0.175968
4660,0.175566
4680,0.180575
4700,0.183914
4720,0.179466
4740,0.180756
4760,0.178968
4780,0.175550
4800,0.185163
4820,0.177830
4840,0.176009
4860,0.180820
4880,0.180651
4900,0.184229
4920,0.178650
4940,0.184266
4960,0.178583
4980,0.178497
