0,0.680985
20,0.407822
40,0.390723
60,0.369948
80,0.347537
100,0.337144
120,0.289322
140,0.024703
160,0.158256
180,0.019358
200,0.234987
220,0.104305
240,0.155757
260,0.033665
280,0.016856
300,0.083850
320,0.056886
340,0.014955
360,0.011897
380,0.039317
400,0.009317
420,0.008411
440,0.026411
460,0.007061
480,0.022145
500,0.019443
520,0.005674
540,0.016116
560,0.005015
580,0.013531
600,0.004469
620,0.011471
640,0.010479
660,0.009707
680,0.003618
700,0.008378
720,0.007845
740,0.004382
760,0.004210
780,0.002878
800,0.006114
820,0.005770
840,0.003487
860,0.005238
880,0.004895
900,0.003016
920,0.002901
940,0.002776
960,0.002005
980,0.001935
1000,0.003561
1020,0.003389
1040,0.003254
1060,0.003214
1080,0.001625
1100,0.002959
1120,0.001938
1140,0.002734
1160,0.001423
1180,0.002436
1200,0.002442
1220,0.002355
1240,0.002271
1260,0.001223
1280,0.001188
1300,0.002049
1320,0.001384
1340,0.001822
1360,0.001762
1380,0.001800
1400,0.001666
1420,0.001191
1440,0.000955
1460,0.000931
1480,0.001482
1500,0.001502
1520,0.000865
1540,0.000843
1560,0.001382
1580,0.000960
1600,0.000935
1620,0.001275
1640,0.000889
1660,0.001127
1680,0.000846
1700,0.000821
1720,0.001122
1740,0.001095
1760,0.001069
1780,0.000755
1800,0.000730
1820,0.000996
1840,0.000600
1860,0.000887
1880,0.000576
1900,0.000909
1920,0.000638
1940,0.000543
1960,0.000851
1980,0.000523
2000,0.000750
2020,0.000799
2040,0.000564
2060,0.000485
2080,0.000752
2100,0.000533
2120,0.000523
2140,0.000708
2160,0.000500
2180,0.000435
2200,0.000483
2220,0.000656
2240,0.000412
2260,0.000405
2280,0.000448
2300,0.000549
2320,0.000598
2340,0.000379
2360,0.000373
2380,0.000367
2400,0.000505
2420,0.000548
2440,0.000539
2460,0.000344
2480,0.000470
2500,0.000334
2520,0.000452
2540,0.000495
2560,0.000319
2580,0.000314
2600,0.000472
2620,0.000465
2640,0.000457
2660,0.000403
2680,0.000291
2700,0.000287
2720,0.000384
2740,0.000279
2760,0.000275
2780,0.000299
2800,0.000360
2820,0.000356
2840,0.000393
2860,0.000282
2880,0.000382
2900,0.000250
2920,0.000270
2940,0.000244
2960,0.000262
2980,0.000356
3000,0.000256
3020,0.000252
3040,0.000342
3060,0.000302
3080,0.000333
3100,0.000292
3120,0.000237
3140,0.000214
3160,0.000229
3180,0.000227
3200,0.000224
3220,0.000220
3240,0.000264
3260,0.000296
3280,0.000292
3300,0.000210
3320,0.000208
3340,0.000190
3360,0.000246
3380,0.000186
3400,0.000184
3420,0.000181
3440,0.000234
3460,0.000191
3480,0.000259
3500,0.000225
3520,0.000185
3540,0.000170
3560,0.000168
3580,0.000166
3600,0.000164
3620,0.000175
3640,0.000161
3660,0.000159
3680,0.000157
3700,0.000166
3720,0.000226
3740,0.000223
3760,0.000221
3780,0.000192
3800,0.000157
3820,0.000155
3840,0.000154
3860,0.000209
3880,0.000181
3900,0.000141
3920,0.000148
3940,0.000201
3960,0.000136
3980,0.000135
4000,0.000142
4020,0.000168
4040,0.000131
4060,0.000189
4080,0.000187
4100,0.000185
4120,0.000160
4140,0.000181
4160,0.000124
4180,0.000123
4200,0.000176
4220,0.000152
4240,0.000151
4260,0.000118
4280,0.000147
4300,0.000123
4320,0.000115
4340,0.000114
4360,0.000163
4380,0.000112
4400,0.000139
4420,0.000159
4440,0.000157
4460,0.000114
4480,0.000134
4500,0.000133
4520,0.000152
4540,0.000110
4560,0.000129
4580,0.000128
4600,0.000107
4620,0.000125
4640,0.000144
4660,0.000104
4680,0.000122
4700,0.000098
4720,0.000101
4740,0.000138
4760,0.000095
4780,0.000099
4800,0.000116
4820,0.000133
4840,0.000132
4860,0.000091
4880,0.000130
4900,0.000090
4920,0.000089
4940,0.000088
4960,0.000109
4980,0.000087
