0,0.406067
20,0.380530
40,0.379219
60,0.355246
80,0.259026
100,0.117031
120,0.088131
140,0.268396
160,0.069850
180,0.006543
200,0.005814
220,0.058392
240,0.095395
260,0.078322
280,0.004401
300,0.014598
320,0.027742
340,0.023375
360,0.010353
380,0.026600
400,0.008412
420,0.013220
440,0.011625
460,0.010281
480,0.005962
500,0.005351
520,0.002373
540,0.004707
560,0.008430
580,0.005632
600,0.005164
620,0.001856
640,0.003325
660,0.001688
680,0.002938
700,0.003540
720,0.003309
740,0.001401
760,0.002358
780,0.001276
800,0.003018
820,0.003041
840,0.002720
860,0.002582
880,0.002069
900,0.001604
920,0.000956
940,0.002048
960,0.001381
980,0.000852
1000,0.001778
1020,0.001482
1040,0.001145
1060,0.001359
1080,0.001475
1100,0.001405
1120,0.000665
1140,0.001158
1160,0.000903
1180,0.000604
1200,0.001150
1220,0.000998
1240,0.000963
1260,0.001015
1280,0.000519
1300,0.000932
1320,0.000661
1340,0.000477
1360,0.000864
1380,0.000451
1400,0.000588
1420,0.000755
1440,0.000729
1460,0.000540
1480,0.000395
1500,0.000667
1520,0.000622
1540,0.000475
1560,0.000589
1580,0.000349
1600,0.000340
1620,0.000543
1640,0.000558
1660,0.000516
1680,0.000310
1700,0.000491
1720,0.000375
1740,0.000367
1760,0.000284
1780,0.000451
1800,0.000447
1820,0.000266
1840,0.000261
1860,0.000316
1880,0.000402
1900,0.000245
1920,0.000240
1940,0.000235
1960,0.000286
1980,0.000357
2000,0.000346
2020,0.000269
2040,0.000339
2060,0.000329
2080,0.000206
2100,0.000316
2120,0.000243
2140,0.000236
2160,0.000297
2180,0.000287
2200,0.000225
2220,0.000279
2240,0.000270
2260,0.000271
2280,0.000207
2300,0.000262
2320,0.000167
2340,0.000196
2360,0.000248
2380,0.000240
2400,0.000156
2420,0.000154
2440,0.000227
2460,0.000221
2480,0.000224
2500,0.000215
2520,0.000217
2540,0.000140
2560,0.000162
2580,0.000160
2600,0.000158
2620,0.000156
2640,0.000188
2660,0.000194
2680,0.000191
2700,0.000125
2720,0.000178
2740,0.000121
2760,0.000180
2780,0.000136
2800,0.000134
2820,0.000115
2840,0.000162
2860,0.000112
2880,0.000127
2900,0.000163
2920,0.000124
2940,0.000158
2960,0.000120
2980,0.000146
3000,0.000143
3020,0.000100
3040,0.000113
3060,0.000146
3080,0.000111
3100,0.000142
3120,0.000108
3140,0.000093
3160,0.000092
3180,0.000127
3200,0.000133
3220,0.000100
3240,0.000099
3260,0.000086
3280,0.000097
3300,0.000117
3320,0.000123
3340,0.000093
3360,0.000093
3380,0.000092
3400,0.000118
3420,0.000089
3440,0.000115
3460,0.000077
3480,0.000076
3500,0.000103
3520,0.000110
3540,0.000108
3560,0.000073
3580,0.000099
3600,0.000105
3620,0.000079
3640,0.000078
3660,0.000077
3680,0.000093
3700,0.000068
3720,0.000098
3740,0.000066
3760,0.000089
3780,0.000065
3800,0.000086
3820,0.000071
3840,0.000085
3860,0.000062
3880,0.000082
3900,0.000068
3920,0.000060
3940,0.000081
3960,0.000059
3980,0.000065
4000,0.000078
4020,0.000064
4040,0.000083
4060,0.000075
4080,0.000056
4100,0.000055
4120,0.000073
4140,0.000079
4160,0.000072
4180,0.000077
4200,0.000070
4220,0.000058
4240,0.000075
4260,0.000057
4280,0.000067
4300,0.000056
4320,0.000072
4340,0.000065
4360,0.000071
4380,0.000064
4400,0.000053
4420,0.000063
4440,0.000062
4460,0.000052
4480,0.000047
4500,0.000061
4520,0.000060
4540,0.000050
4560,0.000065
4580,0.000064
4600,0.000044
4620,0.000063
4640,0.000063
4660,0.000057
4680,0.000062
4700,0.000061
4720,0.000055
4740,0.000045
4760,0.000045
4780,0.000059
4800,0.000044
4820,0.000058
4840,0.000044
4860,0.000040
4880,0.000057
4900,0.000039
4920,0.000039
4940,0.000039
4960,0.000041
4980,0.000038
