0,0.560988
20,0.381202
40,0.408320
60,0.414736
80,0.344263
100,0.346412
120,0.321564
140,0.318584
160,0.282943
180,0.269275
200,0.257175
220,0.095208
240,0.274129
260,0.270099
280,0.348576
300,0.344691
320,0.260718
340,0.230932
360,0.327811
380,0.323508
400,0.255523
420,0.140400
440,0.236188
460,0.302970
480,0.239349
500,0.243310
520,0.255980
540,0.128985
560,0.279847
580,0.274094
600,0.261434
620,0.263160
640,0.242483
660,0.104598
680,0.269278
700,0.249810
720,0.091480
740,0.241681
760,0.082561
780,0.281829
800,0.074332
820,0.231874
840,0.290202
860,0.227189
880,0.295813
900,0.054719
920,0.224676
940,0.209752
960,0.307084
980,0.310073
1000,0.312536
1020,0.215691
1040,0.033385
1060,0.195886
1080,0.194246
1100,0.214990
1120,0.191127
1140,0.326475
1160,0.212908
1180,0.209857
1200,0.022308
1220,0.330874
1240,0.331451
1260,0.210999
1280,0.206346
1300,0.019356
1320,0.208492
1340,0.207077
1360,0.018217
1380,0.017861
1400,0.178388
1420,0.205782
1440,0.334734
1460,0.203565
1480,0.016456
1500,0.016214
1520,0.176592
1540,0.015757
1560,0.203830
1580,0.334270
1600,0.333904
1620,0.201482
1640,0.333422
1660,0.175960
1680,0.201934
1700,0.333266
1720,0.175727
1740,0.175094
1760,0.013816
1780,0.332067
1800,0.013493
1820,0.173765
1840,0.013216
1860,0.202229
1880,0.174430
1900,0.198641
1920,0.175302
1940,0.197301
1960,0.176435
1980,0.175946
2000,0.012241
2020,0.012111
2040,0.173112
2060,0.196743
2080,0.329783
2100,0.198394
2120,0.329175
2140,0.329070
2160,0.172292
2180,0.328678
2200,0.196367
2220,0.175025
2240,0.173910
2260,0.174605
2280,0.173382
2300,0.010789
2320,0.197222
2340,0.197006
2360,0.195869
2380,0.174310
2400,0.195511
2420,0.192660
2440,0.326454
2460,0.173505
2480,0.172088
2500,0.171928
2520,0.325984
2540,0.009877
2560,0.325721
2580,0.325176
2600,0.325434
2620,0.325266
2640,0.009539
2660,0.171633
2680,0.193092
2700,0.009375
2720,0.324525
2740,0.194019
2760,0.172772
2780,0.323940
2800,0.174090
2820,0.009042
2840,0.170469
2860,0.008928
2880,0.171397
2900,0.193257
2920,0.008775
2940,0.322820
2960,0.171483
2980,0.193200
3000,0.172414
3020,0.188479
3040,0.191342
3060,0.191047
3080,0.191085
3100,0.191407
3120,0.321823
3140,0.008275
3160,0.171411
3180,0.321368
3200,0.321486
3220,0.191205
3240,0.171560
3260,0.321164
3280,0.320941
3300,0.188690
3320,0.169321
3340,0.320837
3360,0.188685
3380,0.007793
3400,0.170749
3420,0.169185
3440,0.170899
3460,0.007662
3480,0.189202
3500,0.007588
3520,0.007553
3540,0.007516
3560,0.319913
3580,0.171227
3600,0.319473
3620,0.007378
3640,0.170306
3660,0.007314
3680,0.007289
3700,0.318925
3720,0.167983
3740,0.168412
3760,0.007169
3780,0.188385
3800,0.007103
3820,0.318441
3840,0.318263
3860,0.189918
3880,0.006991
3900,0.189515
3920,0.006941
3940,0.317805
3960,0.317863
3980,0.169747
4000,0.006821
4020,0.168899
4040,0.186250
4060,0.187884
4080,0.189252
4100,0.188749
4120,0.170873
4140,0.006650
4160,0.169192
4180,0.187569
4200,0.186739
4220,0.186247
4240,0.187321
4260,0.316520
4280,0.316579
4300,0.168349
4320,0.187553
4340,0.316308
4360,0.187200
4380,0.169834
4400,0.188978
4420,0.167956
4440,0.168292
4460,0.315818
4480,0.185878
4500,0.006237
4520,0.315590
4540,0.187858
4560,0.006178
4580,0.006157
4600,0.006138
4620,0.186328
4640,0.186054
4660,0.315271
4680,0.185750
4700,0.006029
4720,0.169036
4740,0.169042
4760,0.005971
4780,0.186637
4800,0.168084
4820,0.168603
4840,0.167950
4860,0.167653
4880,0.186091
4900,0.185250
4920,0.185195
4940,0.314176
4960,0.314270
4980,0.185548
