0,0.498766
20,0.375128
40,0.391898
60,0.385194
80,0.378159
100,0.364924
120,0.372596
140,0.367488
160,0.358485
180,0.347817
200,0.265143
220,0.319943
240,0.221326
260,0.249550
280,0.300271
300,0.192287
320,0.194562
340,0.255573
360,0.186913
380,0.218613
400,0.206787
420,0.184246
440,0.174675
460,0.159527
480,0.142709
500,0.162151
520,0.059046
540,0.103343
560,0.092293
580,0.082601
600,0.075047
620,0.163641
640,0.061734
660,0.157829
680,0.023138
700,0.021094
720,0.019264
740,0.143227
760,0.038976
780,0.015163
800,0.034396
820,0.105374
840,0.124685
860,0.120970
880,0.028390
900,0.010369
920,0.090599
940,0.087767
960,0.008930
980,0.008527
1000,0.022361
1020,0.007845
1040,0.090351
1060,0.071546
1080,0.007002
1100,0.066856
1120,0.077952
1140,0.017977
1160,0.073056
1180,0.070065
1200,0.056078
1220,0.065424
1240,0.005453
1260,0.005306
1280,0.005170
1300,0.014441
1320,0.054710
1340,0.052965
1360,0.004677
1380,0.049429
1400,0.004463
1420,0.046196
1440,0.004265
1460,0.036646
1480,0.004080
1500,0.011357
1520,0.003912
1540,0.003832
1560,0.010538
1580,0.003680
1600,0.034262
1620,0.009865
1640,0.009660
1660,0.003407
1680,0.030152
1700,0.029386
1720,0.008844
1740,0.024272
1760,0.003110
1780,0.003057
1800,0.025298
1820,0.024743
1840,0.023914
1860,0.007595
1880,0.022502
1900,0.007303
1920,0.021429
1940,0.018652
1960,0.020229
1980,0.006785
2000,0.006622
2020,0.002508
2040,0.006348
2060,0.017704
2080,0.006149
2100,0.016815
2120,0.005937
2140,0.014628
2160,0.005672
2180,0.002225
2200,0.002193
2220,0.013342
2240,0.013048
2260,0.013860
2280,0.013551
2300,0.013273
2320,0.004945
2340,0.011699
2360,0.012391
2380,0.004687
2400,0.001907
2420,0.011548
2440,0.001857
2460,0.001832
2480,0.004317
2500,0.001785
2520,0.010402
2540,0.004114
2560,0.009969
2580,0.009156
2600,0.009541
2620,0.003858
2640,0.008635
2660,0.003720
2680,0.001592
2700,0.001573
2720,0.008480
2740,0.008336
2760,0.007723
2780,0.003401
2800,0.007877
2820,0.007311
2840,0.001444
2860,0.003219
2880,0.007285
2900,0.003121
2920,0.003067
2940,0.001361
2960,0.002980
2980,0.006643
3000,0.006255
3020,0.006452
3040,0.006049
3060,0.005950
3080,0.002742
3100,0.006035
3120,0.002671
3140,0.002624
3160,0.002596
3180,0.002554
3200,0.002530
3220,0.001163
3240,0.002465
3260,0.005070
3280,0.002409
3300,0.005132
3320,0.001102
3340,0.004768
3360,0.001079
3380,0.004627
3400,0.002229
3420,0.004492
3440,0.001035
3460,0.002144
3480,0.001014
3500,0.004239
3520,0.000993
3540,0.002041
3560,0.000973
3580,0.000963
3600,0.000954
3620,0.000944
3640,0.001926
3660,0.001904
3680,0.000917
3700,0.003684
3720,0.003767
3740,0.000890
3760,0.003539
3780,0.001768
3800,0.000864
3820,0.003400
3840,0.000848
3860,0.003422
3880,0.003364
3900,0.000824
3920,0.001640
3940,0.001629
3960,0.003106
3980,0.000794
4000,0.003127
4020,0.002991
4040,0.003044
4060,0.000765
4080,0.002975
4100,0.001485
4120,0.002884
4140,0.001458
4160,0.002745
4180,0.000725
4200,0.000718
4220,0.002729
4240,0.000706
4260,0.001372
4280,0.000694
4300,0.001340
4320,0.002581
4340,0.002468
4360,0.002440
4380,0.002412
4400,0.001278
4420,0.002358
4440,0.001247
4460,0.000642
4480,0.002343
4500,0.002255
4520,0.002298
4540,0.000621
4560,0.000616
4580,0.000611
4600,0.000606
4620,0.001150
4640,0.001139
4660,0.001127
4680,0.001118
4700,0.000581
4720,0.001097
4740,0.002042
4760,0.000567
4780,0.002005
4800,0.001920
4820,0.001954
4840,0.000550
4860,0.001027
4880,0.001017
4900,0.001007
4920,0.001000
4940,0.001787
4960,0.000524
4980,0.001752
