0,0.546363
20,0.347036
40,0.324992
60,0.252883
80,0.243400
100,0.341655
120,0.284770
140,0.123972
160,0.121371
180,0.118002
200,0.277469
220,0.267542
240,0.166101
260,0.158776
280,0.326494
300,0.144883
320,0.133120
340,0.339743
360,0.273029
380,0.084599
400,0.285732
420,0.015154
440,0.021455
460,0.302343
480,0.319142
500,0.010750
520,0.011708
540,0.010919
560,0.010386
580,0.307790
600,0.008827
620,0.009174
640,0.306765
660,0.008491
680,0.007864
700,0.008006
720,0.007808
740,0.007522
760,0.007368
780,0.303646
800,0.302822
820,0.302951
840,0.006589
860,0.301803
880,0.301516
900,0.301167
920,0.006028
940,0.299818
960,0.005603
980,0.005705
1000,0.299683
1020,0.299250
1040,0.005341
1060,0.005239
1080,0.298389
1100,0.005033
1120,0.004828
1140,0.297297
1160,0.297422
1180,0.004711
1200,0.296985
1220,0.296339
1240,0.296290
1260,0.295977
1280,0.295695
1300,0.295862
1320,0.004282
1340,0.004187
1360,0.295326
1380,0.004007
1400,0.004036
1420,0.294713
1440,0.003826
1460,0.294214
1480,0.293887
1500,0.003697
1520,0.003729
1540,0.003632
1560,0.003564
1580,0.293158
1600,0.003500
1620,0.003504
1640,0.292633
1660,0.003425
1680,0.292029
1700,0.003350
1720,0.291601
1740,0.003225
1760,0.291298
1780,0.003178
1800,0.291488
1820,0.003177
1840,0.291287
1860,0.290762
1880,0.003060
1900,0.290750
1920,0.002973
1940,0.290649
1960,0.002952
1980,0.002943
2000,0.002898
2020,0.002840
2040,0.289814
2060,0.002775
2080,0.002749
2100,0.002775
2120,0.002707
2140,0.002726
2160,0.002662
2180,0.289090
2200,0.002625
2220,0.288984
2240,0.288870
2260,0.002597
2280,0.002580
2300,0.288287
2320,0.002537
2340,0.002480
2360,0.002462
2380,0.287832
2400,0.288104
2420,0.002405
2440,0.287983
2460,0.002405
2480,0.002401
2500,0.002338
2520,0.287156
2540,0.002339
2560,0.002325
2580,0.287259
2600,0.002294
2620,0.287126
2640,0.002259
2660,0.286932
2680,0.286816
2700,0.002207
2720,0.002202
2740,0.286546
2760,0.002175
2780,0.002149
2800,0.286383
2820,0.002136
2840,0.286175
2860,0.002108
2880,0.002093
2900,0.002092
2920,0.002044
2940,0.285901
2960,0.285618
2980,0.002018
3000,0.285760
3020,0.285614
3040,0.001971
3060,0.285289
3080,0.285374
3100,0.001961
3120,0.285298
3140,0.001939
3160,0.001938
3180,0.285170
3200,0.285068
3220,0.001876
3240,0.284643
3260,0.284575
3280,0.001880
3300,0.001860
3320,0.001859
3340,0.001838
3360,0.284569
3380,0.284193
3400,0.284126
3420,0.001782
3440,0.001774
3460,0.284231
3480,0.001754
3500,0.001763
3520,0.001754
3540,0.001729
3560,0.001721
3580,0.001730
3600,0.283760
3620,0.001711
3640,0.001711
3660,0.283345
3680,0.001681
3700,0.283558
3720,0.283471
3740,0.283330
3760,0.283367
3780,0.283331
3800,0.283220
3820,0.001619
3840,0.001628
3860,0.283032
3880,0.282792
3900,0.282657
3920,0.001599
3940,0.001591
3960,0.282936
3980,0.282775
4000,0.282725
4020,0.282492
4040,0.001555
4060,0.001534
4080,0.001527
4100,0.282271
4120,0.001538
4140,0.282200
4160,0.282380
4180,0.282331
4200,0.001512
4220,0.282186
4240,0.282204
4260,0.282098
4280,0.001467
4300,0.282094
4320,0.001469
4340,0.001450
4360,0.001457
4380,0.001451
4400,0.001446
4420,0.281540
4440,0.281706
4460,0.001419
4480,0.281704
4500,0.001409
4520,0.281379
4540,0.281248
4560,0.281533
4580,0.281467
4600,0.001390
4620,0.281334
4640,0.001381
4660,0.281056
4680,0.280969
4700,0.001362
4720,0.001360
4740,0.281127
4760,0.280868
4780,0.281099
4800,0.281033
4820,0.280969
4840,0.280925
4860,0.280985
4880,0.280519
4900,0.001318
4920,0.001303
4940,0.001308
4960,0.001293
4980,0.280785
