0,0.551854
20,0.396243
40,0.394837
60,0.389792
80,0.358367
100,0.339441
120,0.278424
140,0.298018
160,0.235638
180,0.226979
200,0.244123
220,0.198192
240,0.146732
260,0.149062
280,0.132584
300,0.057403
320,0.107345
340,0.096864
360,0.029245
380,0.049023
400,0.021267
420,0.106158
440,0.016409
460,0.060051
480,0.055413
500,0.074971
520,0.011296
540,0.010402
560,0.041566
580,0.009099
600,0.008542
620,0.045411
640,0.007670
660,0.028747
680,0.036274
700,0.014184
720,0.006287
740,0.028817
760,0.012098
780,0.011346
800,0.005350
820,0.005138
840,0.004967
860,0.019351
880,0.004632
900,0.004470
920,0.008229
940,0.007808
960,0.007567
980,0.003922
1000,0.010631
1020,0.010211
1040,0.011845
1060,0.009321
1080,0.008843
1100,0.010568
1120,0.008149
1140,0.003070
1160,0.005106
1180,0.007206
1200,0.004801
1220,0.006638
1240,0.007616
1260,0.007385
1280,0.002540
1300,0.005728
1320,0.005541
1340,0.006273
1360,0.002285
1380,0.002227
1400,0.004849
1420,0.002123
1440,0.004540
1460,0.005128
1480,0.004249
1500,0.004126
1520,0.001887
1540,0.003888
1560,0.001803
1580,0.004166
1600,0.002609
1620,0.003896
1640,0.003782
1660,0.003675
1680,0.002372
1700,0.003102
1720,0.002248
1740,0.003260
1760,0.001453
1780,0.003062
1800,0.002954
1820,0.001367
1840,0.001339
1860,0.001312
1880,0.002679
1900,0.002427
1920,0.001759
1940,0.002314
1960,0.002423
1980,0.002394
2000,0.001150
2020,0.001601
2040,0.002246
2060,0.001524
2080,0.001070
2100,0.001451
2120,0.001424
2140,0.001400
2160,0.000997
2180,0.001898
2200,0.001760
2220,0.001790
2240,0.001688
2260,0.001657
2280,0.001229
2300,0.000887
2320,0.001172
2340,0.001623
2360,0.000846
2380,0.000834
2400,0.000821
2420,0.000808
2440,0.000795
2460,0.000783
2480,0.001011
2500,0.001015
2520,0.000990
2540,0.000737
2560,0.000726
2580,0.000716
2600,0.000931
2620,0.000915
2640,0.001204
2660,0.000675
2680,0.000864
2700,0.000657
2720,0.000842
2740,0.000638
2760,0.000630
2780,0.000621
2800,0.000613
2820,0.001029
2840,0.000596
2860,0.000589
2880,0.000986
2900,0.000987
2920,0.000956
2940,0.000559
2960,0.000704
2980,0.000928
3000,0.000538
3020,0.000891
3040,0.000525
3060,0.000880
3080,0.000648
3100,0.000639
3120,0.000837
3140,0.000821
3160,0.000607
3180,0.000597
3200,0.000476
3220,0.000778
3240,0.000768
3260,0.000748
3280,0.000454
3300,0.000554
3320,0.000720
3340,0.000718
3360,0.000434
3380,0.000696
3400,0.000693
3420,0.000671
3440,0.000414
3460,0.000669
3480,0.000661
3500,0.000401
3520,0.000481
3540,0.000483
3560,0.000618
3580,0.000622
3600,0.000616
3620,0.000608
3640,0.000594
3660,0.000595
3680,0.000588
3700,0.000361
3720,0.000436
3740,0.000569
3760,0.000562
3780,0.000347
3800,0.000412
3820,0.000532
3840,0.000517
3860,0.000532
3880,0.000510
3900,0.000327
3920,0.000390
3940,0.000510
3960,0.000381
3980,0.000377
4000,0.000311
4020,0.000308
4040,0.000305
4060,0.000302
4080,0.000462
4100,0.000297
4120,0.000347
4140,0.000291
4160,0.000438
4180,0.000431
4200,0.000427
4220,0.000442
4240,0.000420
4260,0.000275
4280,0.000429
4300,0.000425
4320,0.000268
4340,0.000398
4360,0.000392
4380,0.000307
4400,0.000406
4420,0.000386
4440,0.000398
4460,0.000379
4480,0.000294
4500,0.000370
4520,0.000288
4540,0.000283
4560,0.000359
4580,0.000281
4600,0.000238
4620,0.000366
4640,0.000344
4660,0.000231
4680,0.000357
4700,0.000354
4720,0.000262
4740,0.000348
4760,0.000329
4780,0.000322
4800,0.000339
4820,0.000316
4840,0.000249
4860,0.000247
4880,0.000247
4900,0.000210
4920,0.000303
4940,0.000319
4960,0.000237
4980,0.000295
