./perceptron -c 4 4 3 3 --with-bias -e40000 --log-learning ../data/iris4433_40000 
0,0.337625
20,0.225939
40,0.006853
60,0.211284
80,0.171731
100,0.004565
120,0.014775
140,0.007557
160,0.001663
180,0.001289
200,0.005779
220,0.775984
240,0.000712
260,0.000625
280,0.000568
300,0.005623
320,0.005033
340,0.000498
360,0.000403
380,0.004408
400,0.003169
420,0.000320
440,0.000348
460,0.005700
480,0.000353
500,0.001970
520,0.002485
540,0.000313
560,0.000261
580,0.019715
600,0.001409
620,0.000239
640,0.000262
660,0.000566
680,0.000269
700,0.000581
720,0.000255
740,0.001284
760,0.000387
780,0.000226
800,0.000216
820,0.000300
840,0.003062
860,0.000279
880,0.000193
900,0.000216
920,0.000207
940,0.000173
960,0.002266
980,0.001007
1000,0.000173
1020,0.000876
1040,0.000852
1060,0.000164
1080,0.000133
1100,0.000154
1120,0.000834
1140,0.000833
1160,0.000144
1180,0.000137
1200,0.000133
1220,0.001327
1240,0.000123
1260,0.000096
1280,0.000098
1300,0.000090
1320,0.000159
1340,0.000090
1360,0.000213
1380,0.000088
1400,0.000126
1420,0.000148
1440,0.000134
1460,0.000086
1480,0.000116
1500,0.000147
1520,0.000084
1540,0.000108
1560,0.000772
1580,0.000104
1600,0.006614
1620,0.000083
1640,0.000096
1660,0.000154
1680,0.000085
1700,0.000449
1720,0.000150
1740,0.000082
1760,0.002754
1780,0.000080
1800,0.068975
1820,0.000161
1840,0.000078
1860,0.000075
1880,0.000068
1900,0.000210
1920,0.000075
1940,0.000124
1960,0.000075
1980,0.000087
2000,0.000071
2020,0.000074
2040,0.000771
2060,0.000060
2080,0.000060
2100,0.000058
2120,0.000067
2140,0.000076
2160,0.000069
2180,0.000056
2200,0.000107
2220,0.000068
2240,0.000068
2260,0.000056
2280,0.000067
2300,0.000058
2320,0.000056
2340,0.000110
2360,0.000056
2380,0.000156
2400,0.000057
2420,0.000061
2440,0.000086
2460,0.815194
2480,0.000155
2500,0.013161
2520,0.000180
2540,0.000056
2560,0.000059
2580,0.000058
2600,0.000041
2620,0.000130
2640,0.000054
2660,0.000058
2680,0.000061
2700,0.000404
2720,0.000064
2740,0.000049
2760,0.000042
2780,0.000092
2800,0.000060
2820,0.000050
2840,0.000045
2860,0.000073
2880,0.000126
2900,0.000040
2920,0.000043
2940,0.000029
2960,0.000217
2980,0.000195
3000,0.000087
3020,0.000052
3040,0.000056
3060,0.000084
3080,0.000182
3100,0.000036
3120,0.000028
3140,0.000046
3160,0.000090
3180,0.000047
3200,0.000241
3220,0.000630
3240,0.000043
3260,0.000139
3280,0.000023
3300,0.000114
3320,0.000109
3340,0.000044
3360,0.000050
3380,0.000055
3400,0.000053
3420,0.000361
3440,0.000025
3460,0.000021
3480,0.000021
3500,0.000021
3520,0.000041
3540,0.000245
3560,0.000020
3580,0.000343
3600,0.000033
3620,0.000037
3640,0.000046
3660,0.000246
3680,0.000047
3700,0.000032
3720,0.000025
3740,0.000056
3760,0.000039
3780,0.000431
3800,0.000216
3820,0.000038
3840,0.000434
3860,0.000029
3880,0.000609
3900,0.000015
3920,0.000242
3940,0.000043
3960,0.000895
3980,0.000393
4000,0.000058
4020,0.000405
4040,0.000114
4060,0.000013
4080,0.000013
4100,0.000013
4120,0.000065
4140,0.000144
4160,0.000063
4180,0.000115
4200,0.000061
4220,0.000013
4240,0.000086
4260,0.000056
4280,0.000055
4300,0.000014
4320,0.000012
4340,0.000019
4360,0.000013
4380,0.000020
4400,0.000047
4420,0.000030
4440,0.000042
4460,0.000040
4480,0.000031
4500,0.001531
4520,0.000034
4540,0.000032
4560,0.000042
4580,0.000041
4600,0.000028
4620,0.000034
4640,0.000034
4660,0.000039
4680,0.000038
4700,0.000038
4720,0.000022
4740,0.000022
4760,0.000036
4780,0.000021
4800,0.000036
4820,0.000029
4840,0.000035
4860,0.000025
4880,0.000017
4900,0.000025
4920,0.000033
4940,0.000010
4960,0.000010
4980,0.000010
5000,0.000015
5020,0.000032
5040,0.000014
5060,0.000031
5080,0.000031
5100,0.000031
5120,0.000013
5140,0.000030
5160,0.000017
5180,0.000030
5200,0.000010
5220,0.000029
5240,0.000013
5260,0.000017
5280,0.000039
5300,0.000061
5320,0.000011
5340,0.000028
5360,0.000008
5380,0.000039
5400,0.000028
5420,0.000008
5440,0.000008
5460,0.000010
5480,0.000009
5500,0.000027
5520,0.000027
5540,0.000009
5560,0.000008
5580,0.000110
5600,0.000009
5620,0.000009
5640,0.000008
5660,0.000025
5680,0.000025
5700,0.000008
5720,0.000008
5740,0.000009
5760,0.000008
5780,0.000008
5800,0.000051
5820,0.000008
5840,0.000008
5860,0.000007
5880,0.000007
5900,0.000037
5920,0.000278
5940,0.000007
5960,0.000023
5980,0.000007
6000,0.000023
6020,0.000007
6040,0.000007
6060,0.000023
6080,0.000007
6100,0.000023
6120,0.000252
6140,0.000022
6160,0.000022
6180,0.000014
6200,0.000022
6220,0.000006
6240,0.000022
6260,0.000022
6280,0.000022
6300,0.000006
6320,0.000007
6340,0.000006
6360,0.000020
6380,0.000021
6400,0.000007
6420,0.000021
6440,0.000006
6460,0.000011
6480,0.000021
6500,0.000008
6520,0.000007
6540,0.000007
6560,0.000021
6580,0.000020
6600,0.000010
6620,0.000007
6640,0.000020
6660,0.000020
6680,0.000005
6700,0.000020
6720,0.000020
6740,0.000013
6760,0.000005
6780,0.000019
6800,0.000013
6820,0.000006
6840,0.000006
6860,0.000019
6880,0.000005
6900,0.000019
6920,0.000019
6940,0.000005
6960,0.000006
6980,0.000019
7000,0.000005
7020,0.000004
7040,0.000006
7060,0.000006
7080,0.000018
7100,0.000018
7120,0.000173
7140,0.000004
7160,0.000018
7180,0.000018
7200,0.000018
7220,0.000012
7240,0.000078
7260,0.000006
7280,0.000004
7300,0.000004
7320,0.000004
7340,0.000004
7360,0.000017
7380,0.000006
7400,0.000004
7420,0.000005
7440,0.000017
7460,0.000004
7480,0.000004
7500,0.000006
7520,0.000017
7540,0.000006
7560,0.000006
7580,0.000004
7600,0.000009
7620,0.000017
7640,0.000006
7660,0.000028
7680,0.000016
7700,0.000004
7720,0.000006
7740,0.000004
7760,0.000016
7780,0.000004
7800,0.000004
7820,0.000004
7840,0.000016
7860,0.000016
7880,0.000016
7900,0.000003
7920,0.000005
7940,0.000005
7960,0.000006
7980,0.000016
8000,0.000016
8020,0.000016
8040,0.000006
8060,0.000016
8080,0.000026
8100,0.000015
8120,0.000015
8140,0.000015
8160,0.000004
8180,0.000004
8200,0.000005
8220,0.000026
8240,0.000015
8260,0.000009
8280,0.000003
8300,0.000005
8320,0.000015
8340,0.000015
8360,0.000003
8380,0.000003
8400,0.000015
8420,0.000015
8440,0.000015
8460,0.000015
8480,0.000008
8500,0.000015
8520,0.000003
8540,0.000003
8560,0.000009
8580,0.000014
8600,0.000003
8620,0.000003
8640,0.000003
8660,0.000005
8680,0.000014
8700,0.000003
8720,0.000043
8740,0.000061
8760,0.000014
8780,0.000014
8800,0.000003
8820,0.000003
8840,0.000003
8860,0.000005
8880,0.000014
8900,0.000005
8920,0.000023
8940,0.000014
8960,0.000003
8980,0.000005
9000,0.000014
9020,0.000010
9040,0.000014
9060,0.000013
9080,0.000003
9100,0.000013
9120,0.000005
9140,0.000013
9160,0.000005
9180,0.000011
9200,0.000008
9220,0.000005
9240,0.000013
9260,0.000003
9280,0.000003
9300,0.000005
9320,0.000013
9340,0.000013
9360,0.000107
9380,0.000022
9400,0.000003
9420,0.000013
9440,0.000003
9460,0.000005
9480,0.000005
9500,0.000002
9520,0.000013
9540,0.000007
9560,0.000002
9580,0.000005
9600,0.000010
9620,0.000002
9640,0.000005
9660,0.000012
9680,0.000012
9700,0.000002
9720,0.000005
9740,0.000006
9760,0.000005
9780,0.000003
9800,0.000005
9820,0.000012
9840,0.000004
9860,0.000010
9880,0.000006
9900,0.000012
9920,0.000002
9940,0.000022
9960,0.000002
9980,0.000002
10000,0.000005
10020,0.000012
10040,0.000012
10060,0.000004
10080,0.000012
10100,0.000002
10120,0.000005
10140,0.000012
10160,0.000020
10180,0.000012
10200,0.000008
10220,0.000012
10240,0.000004
10260,0.000004
10280,0.000002
10300,0.000012
10320,0.000008
10340,0.000002
10360,0.000034
10380,0.000012
10400,0.000002
10420,0.000012
10440,0.000011
10460,0.000008
10480,0.000002
10500,0.000004
10520,0.000011
10540,0.000004
10560,0.000002
10580,0.000011
10600,0.000011
10620,0.000011
10640,0.000012
10660,0.000011
10680,0.000004
10700,0.000004
10720,0.000004
10740,0.000002
10760,0.000002
10780,0.000019
10800,0.000032
10820,0.000004
10840,0.000004
10860,0.000011
10880,0.000004
10900,0.000005
10920,0.000002
10940,0.000011
10960,0.000046
10980,0.000011
11000,0.000002
11020,0.000004
11040,0.000011
11060,0.000002
11080,0.000007
11100,0.000011
11120,0.000011
11140,0.000004
11160,0.000011
11180,0.000004
11200,0.000008
11220,0.000002
11240,0.000002
11260,0.000011
11280,0.000011
11300,0.000018
11320,0.000002
11340,0.000010
11360,0.000004
11380,0.000010
11400,0.000004
11420,0.000005
11440,0.000011
11460,0.000002
11480,0.000004
11500,0.000002
11520,0.000043
11540,0.000010
11560,0.000010
11580,0.000004
11600,0.000007
11620,0.000002
11640,0.000011
11660,0.000010
11680,0.000002
11700,0.000002
11720,0.000004
11740,0.000010
11760,0.000010
11780,0.000002
11800,0.000007
11820,0.000010
11840,0.000017
11860,0.000010
11880,0.000004
11900,0.000010
11920,0.000004
11940,0.000004
11960,0.000004
11980,0.000010
12000,0.000002
12020,0.000004
12040,0.000006
12060,0.000004
12080,0.000004
12100,0.000002
12120,0.000002
12140,0.000010
12160,0.000010
12180,0.000010
12200,0.000010
12220,0.000010
12240,0.000010
12260,0.000004
12280,0.000006
12300,0.000004
12320,0.000010
12340,0.000004
12360,0.000002
12380,0.000004
12400,0.000006
12420,0.000009
12440,0.000009
12460,0.000016
12480,0.000007
12500,0.000006
12520,0.000002
12540,0.000002
12560,0.000016
12580,0.000004
12600,0.000004
12620,0.000016
12640,0.000009
12660,0.000009
12680,0.000009
12700,0.000004
12720,0.000004
12740,0.000009
12760,0.000002
12780,0.000007
12800,0.000009
12820,0.000009
12840,0.000006
12860,0.000004
12880,0.000004
12900,0.000002
12920,0.000002
12940,0.000009
12960,0.000004
12980,0.000002
13000,0.000002
13020,0.000009
13040,0.000009
13060,0.000009
13080,0.000004
13100,0.000009
13120,0.000015
13140,0.000008
13160,0.000003
13180,0.000003
13200,0.000002
13220,0.000006
13240,0.000015
13260,0.000002
13280,0.000009
13300,0.000009
13320,0.000003
13340,0.000015
13360,0.000003
13380,0.000006
13400,0.000009
13420,0.000024
13440,0.000015
13460,0.000003
13480,0.000001
13500,0.000036
13520,0.000009
13540,0.000009
13560,0.000003
13580,0.000003
13600,0.000009
13620,0.000003
13640,0.000009
13660,0.000003
13680,0.000009
13700,0.000006
13720,0.000004
13740,0.000001
13760,0.000004
13780,0.000004
13800,0.000001
13820,0.000014
13840,0.000001
13860,0.000003
13880,0.000008
13900,0.000001
13920,0.000001
13940,0.000001
13960,0.000008
13980,0.000001
14000,0.000008
14020,0.000001
14040,0.000003
14060,0.000001
14080,0.000002
14100,0.000014
14120,0.000001
14140,0.000002
14160,0.000008
14180,0.000001
14200,0.000006
14220,0.000008
14240,0.000008
14260,0.000007
14280,0.000008
14300,0.000001
14320,0.000008
14340,0.000008
14360,0.000008
14380,0.000008
14400,0.000003
14420,0.000008
14440,0.000008
14460,0.000003
14480,0.000001
14500,0.000008
14520,0.000006
14540,0.000001
14560,0.000003
14580,0.000008
14600,0.000003
14620,0.000033
14640,0.000001
14660,0.000001
14680,0.000003
14700,0.000001
14720,0.000003
14740,0.000008
14760,0.000008
14780,0.000003
14800,0.000003
14820,0.000007
14840,0.000006
14860,0.000008
14880,0.000003
14900,0.000003
14920,0.000013
14940,0.000003
14960,0.000021
14980,0.000003
15000,0.000001
15020,0.000001
15040,0.000008
15060,0.000008
15080,0.000001
15100,0.000021
15120,0.000006
15140,0.000001
15160,0.000001
15180,0.000004
15200,0.000001
15220,0.000008
15240,0.000001
15260,0.000003
15280,0.000001
15300,0.000013
15320,0.000003
15340,0.000008
15360,0.000001
15380,0.000003
15400,0.000001
15420,0.000001
15440,0.000001
15460,0.000005
15480,0.000001
15500,0.000004
15520,0.000007
15540,0.000001
15560,0.000007
15580,0.000003
15600,0.000005
15620,0.000001
15640,0.000001
15660,0.000001
15680,0.000007
15700,0.000005
15720,0.000007
15740,0.000007
15760,0.000007
15780,0.000007
15800,0.000001
15820,0.000007
15840,0.000007
15860,0.000005
15880,0.000003
15900,0.000001
15920,0.000001
15940,0.000001
15960,0.000012
15980,0.000030
16000,0.000001
16020,0.000001
16040,0.000003
16060,0.000003
16080,0.000007
16100,0.000007
16120,0.000005
16140,0.000012
16160,0.000007
16180,0.000001
16200,0.000001
16220,0.000007
16240,0.000003
16260,0.000003
16280,0.000003
16300,0.000007
16320,0.000001
16340,0.000007
16360,0.000003
16380,0.000007
16400,0.000001
16420,0.000007
16440,0.000001
16460,0.000007
16480,0.000003
16500,0.000003
16520,0.000007
16540,0.000007
16560,0.000003
16580,0.000007
16600,0.000012
16620,0.000019
16640,0.000007
16660,0.000007
16680,0.000001
16700,0.000007
16720,0.000003
16740,0.000007
16760,0.000003
16780,0.000001
16800,0.000001
16820,0.000007
16840,0.000001
16860,0.000005
16880,0.000001
16900,0.000008
16920,0.000001
16940,0.000001
16960,0.000003
16980,0.000001
17000,0.000008
17020,0.000007
17040,0.000005
17060,0.000007
17080,0.000001
17100,0.000001
17120,0.000007
17140,0.000007
17160,0.000007
17180,0.000007
17200,0.000011
17220,0.000005
17240,0.000011
17260,0.000001
17280,0.000003
17300,0.000007
17320,0.000001
17340,0.000018
17360,0.000007
17380,0.000007
17400,0.000007
17420,0.000007
17440,0.000007
17460,0.000004
17480,0.000001
17500,0.000003
17520,0.000007
17540,0.000003
17560,0.000011
17580,0.000007
17600,0.000001
17620,0.000007
17640,0.000007
17660,0.000005
17680,0.000001
17700,0.000001
17720,0.000001
17740,0.000006
17760,0.000003
17780,0.000001
17800,0.000001
17820,0.000002
17840,0.000001
17860,0.000001
17880,0.000003
17900,0.000003
17920,0.000017
17940,0.000006
17960,0.000001
17980,0.000026
18000,0.000006
18020,0.000001
18040,0.000001
18060,0.000003
18080,0.000003
18100,0.000007
18120,0.000001
18140,0.000001
18160,0.000001
18180,0.000005
18200,0.000006
18220,0.000006
18240,0.000003
18260,0.000001
18280,0.000006
18300,0.000046
18320,0.000006
18340,0.000007
18360,0.000003
18380,0.000006
18400,0.000006
18420,0.000046
18440,0.000001
18460,0.000001
18480,0.000006
18500,0.000001
18520,0.000006
18540,0.000010
18560,0.000003
18580,0.000001
18600,0.000003
18620,0.000001
18640,0.000006
18660,0.000006
18680,0.000001
18700,0.000001
18720,0.000001
18740,0.000006
18760,0.000001
18780,0.000006
18800,0.000001
18820,0.000003
18840,0.000001
18860,0.000001
18880,0.000006
18900,0.000001
18920,0.000003
18940,0.000003
18960,0.000044
18980,0.000044
19000,0.000001
19020,0.000001
19040,0.000001
19060,0.000006
19080,0.000006
19100,0.000010
19120,0.000006
19140,0.000010
19160,0.000001
19180,0.000001
19200,0.000001
19220,0.000006
19240,0.000006
19260,0.000006
19280,0.000001
19300,0.000006
19320,0.000003
19340,0.000006
19360,0.000001
19380,0.000001
19400,0.000003
19420,0.000002
19440,0.000006
19460,0.000001
19480,0.000006
19500,0.000004
19520,0.000002
19540,0.000006
19560,0.000002
19580,0.000001
19600,0.000006
19620,0.000010
19640,0.000002
19660,0.000006
19680,0.000006
19700,0.000001
19720,0.000001
19740,0.000006
19760,0.000002
19780,0.000006
19800,0.000003
19820,0.000002
19840,0.000002
19860,0.000006
19880,0.000001
19900,0.000006
19920,0.000001
19940,0.000002
19960,0.000006
19980,0.000001
20000,0.000004
20020,0.000006
20040,0.000006
20060,0.000006
20080,0.000001
20100,0.000002
20120,0.000002
20140,0.000001
20160,0.000006
20180,0.000002
20200,0.000010
20220,0.000041
20240,0.000001
20260,0.000001
20280,0.000001
20300,0.000001
20320,0.000006
20340,0.000001
20360,0.000001
20380,0.000002
20400,0.000001
20420,0.000001
20440,0.000001
20460,0.000002
20480,0.000002
20500,0.000001
20520,0.000002
20540,0.000005
20560,0.000006
20580,0.000006
20600,0.000001
20620,0.000002
20640,0.000002
20660,0.000006
20680,0.000001
20700,0.000004
20720,0.000001
20740,0.000006
20760,0.000009
20780,0.000001
20800,0.000002
20820,0.000001
20840,0.000006
20860,0.000001
20880,0.000002
20900,0.000006
20920,0.000001
20940,0.000004
20960,0.000001
20980,0.000004
21000,0.000001
21020,0.000002
21040,0.000005
21060,0.000005
21080,0.000005
21100,0.000001
21120,0.000002
21140,0.000005
21160,0.000006
21180,0.000005
21200,0.000002
21220,0.000009
21240,0.000009
21260,0.000001
21280,0.000001
21300,0.000003
21320,0.000005
21340,0.000002
21360,0.000001
21380,0.000005
21400,0.000001
21420,0.000005
21440,0.000005
21460,0.000004
21480,0.000005
21500,0.000005
21520,0.000005
21540,0.000001
21560,0.000001
21580,0.000005
21600,0.000002
21620,0.000002
21640,0.000005
21660,0.000002
21680,0.000001
21700,0.000002
21720,0.000005
21740,0.000005
21760,0.000002
21780,0.000005
21800,0.000001
21820,0.000001
21840,0.000001
21860,0.000001
21880,0.000002
21900,0.000005
21920,0.000001
21940,0.000001
21960,0.000001
21980,0.000001
22000,0.000005
22020,0.000002
22040,0.000005
22060,0.000004
22080,0.000005
22100,0.000005
22120,0.000005
22140,0.000005
22160,0.000002
22180,0.000005
22200,0.000037
22220,0.000001
22240,0.000005
22260,0.000003
22280,0.000001
22300,0.000001
22320,0.000008
22340,0.000004
22360,0.000005
22380,0.000005
22400,0.000005
22420,0.000001
22440,0.000002
22460,0.000002
22480,0.000001
22500,0.000005
22520,0.000004
22540,0.000001
22560,0.000002
22580,0.000004
22600,0.000001
22620,0.000001
22640,0.000001
22660,0.000005
22680,0.000002
22700,0.000005
22720,0.000005
22740,0.000001
22760,0.000005
22780,0.000005
22800,0.000005
22820,0.000002
22840,0.000004
22860,0.000001
22880,0.000002
22900,0.000001
22920,0.000005
22940,0.000004
22960,0.000002
22980,0.000001
23000,0.000005
23020,0.000001
23040,0.000005
23060,0.000001
23080,0.000002
23100,0.000005
23120,0.000002
23140,0.000002
23160,0.000001
23180,0.000001
23200,0.000001
23220,0.000005
23240,0.000002
23260,0.000001
23280,0.000002
23300,0.000002
23320,0.000005
23340,0.000002
23360,0.000003
23380,0.000005
23400,0.000005
23420,0.000001
23440,0.000005
23460,0.000001
23480,0.000001
23500,0.000005
23520,0.000002
23540,0.000005
23560,0.000005
23580,0.000005
23600,0.000001
23620,0.000005
23640,0.000001
23660,0.000001
23680,0.000002
23700,0.000002
23720,0.000004
23740,0.000001
23760,0.000001
23780,0.000005
23800,0.000005
23820,0.000001
23840,0.000002
23860,0.000005
23880,0.000003
23900,0.000002
23920,0.000001
23940,0.000002
23960,0.000002
23980,0.000005
24000,0.000005
24020,0.000001
24040,0.000001
24060,0.000002
24080,0.000001
24100,0.000001
24120,0.000002
24140,0.000005
24160,0.000001
24180,0.000002
24200,0.000004
24220,0.000002
24240,0.000002
24260,0.000004
24280,0.000002
24300,0.000001
24320,0.000005
24340,0.000005
24360,0.000005
24380,0.000001
24400,0.000005
24420,0.000005
24440,0.000001
24460,0.000005
24480,0.000001
24500,0.000002
24520,0.000005
24540,0.000004
24560,0.000002
24580,0.000034
24600,0.000005
24620,0.000002
24640,0.000001
24660,0.000001
24680,0.000005
24700,0.000001
24720,0.000005
24740,0.000002
24760,0.000003
24780,0.000001
24800,0.000001
24820,0.000004
24840,0.000012
24860,0.000002
24880,0.000002
24900,0.000008
24920,0.000005
24940,0.000005
24960,0.000001
24980,0.000005
25000,0.000001
25020,0.000001
25040,0.000001
25060,0.000005
25080,0.000005
25100,0.000001
25120,0.000002
25140,0.000002
25160,0.000003
25180,0.000005
25200,0.000005
25220,0.000001
25240,0.000002
25260,0.000005
25280,0.000001
25300,0.000005
25320,0.000005
25340,0.000002
25360,0.000001
25380,0.000001
25400,0.000005
25420,0.000032
25440,0.000001
25460,0.000005
25480,0.000005
25500,0.000005
25520,0.000005
25540,0.000001
25560,0.000001
25580,0.000003
25600,0.000001
25620,0.000002
25640,0.000001
25660,0.000004
25680,0.000002
25700,0.000002
25720,0.000003
25740,0.000004
25760,0.000004
25780,0.000004
25800,0.000004
25820,0.000003
25840,0.000001
25860,0.000001
25880,0.000004
25900,0.000002
25920,0.000001
25940,0.000003
25960,0.000004
25980,0.000001
26000,0.000004
26020,0.000002
26040,0.000004
26060,0.000001
26080,0.000004
26100,0.000001
26120,0.000004
26140,0.000001
26160,0.000004
26180,0.000001
26200,0.000004
26220,0.000004
26240,0.000004
26260,0.000001
26280,0.000031
26300,0.000001
26320,0.000004
26340,0.000001
26360,0.000001
26380,0.000004
26400,0.000002
26420,0.000002
26440,0.000004
26460,0.000004
26480,0.000001
26500,0.000001
26520,0.000001
26540,0.000002
26560,0.000002
26580,0.000003
26600,0.000002
26620,0.000007
26640,0.000002
26660,0.000004
26680,0.000004
26700,0.000004
26720,0.000002
26740,0.000004
26760,0.000001
26780,0.000002
26800,0.000001
26820,0.000001
26840,0.000003
26860,0.000007
26880,0.000001
26900,0.000002
26920,0.000004
26940,0.000001
26960,0.000004
26980,0.000004
27000,0.000001
27020,0.000002
27040,0.000004
27060,0.000002
27080,0.000002
27100,0.000017
27120,0.000007
27140,0.000017
27160,0.000002
27180,0.000001
27200,0.000004
27220,0.000004
27240,0.000001
27260,0.000002
27280,0.000001
27300,0.000001
27320,0.000003
27340,0.000004
27360,0.000004
27380,0.000004
27400,0.000004
27420,0.000004
27440,0.000002
27460,0.000004
27480,0.000007
27500,0.000001
27520,0.000001
27540,0.000003
27560,0.000001
27580,0.000001
27600,0.000001
27620,0.000004
27640,0.000004
27660,0.000001
27680,0.000001
27700,0.000007
27720,0.000001
27740,0.000001
27760,0.000004
27780,0.000003
27800,0.000001
27820,0.000004
27840,0.000002
27860,0.000004
27880,0.000001
27900,0.000001
27920,0.000001
27940,0.000002
27960,0.000004
27980,0.000002
28000,0.000001
28020,0.000002
28040,0.000002
28060,0.000001
28080,0.000001
28100,0.000004
28120,0.000016
28140,0.000005
28160,0.000001
28180,0.000003
28200,0.000004
28220,0.000001
28240,0.000002
28260,0.000001
28280,0.000004
28300,0.000016
28320,0.000001
28340,0.000004
28360,0.000004
28380,0.000004
28400,0.000002
28420,0.000001
28440,0.000002
28460,0.000004
28480,0.000002
28500,0.000004
28520,0.000002
28540,0.000004
28560,0.000001
28580,0.000001
28600,0.000004
28620,0.000002
28640,0.000001
28660,0.000003
28680,0.000004
28700,0.000002
28720,0.000002
28740,0.000001
28760,0.000004
28780,0.000002
28800,0.000003
28820,0.000001
28840,0.000004
28860,0.000001
28880,0.000010
28900,0.000002
28920,0.000001
28940,0.000004
28960,0.000001
28980,0.000004
29000,0.000004
29020,0.000001
29040,0.000001
29060,0.000004
29080,0.000002
29100,0.000001
29120,0.000004
29140,0.000004
29160,0.000001
29180,0.000002
29200,0.000001
29220,0.000002
29240,0.000006
29260,0.000004
29280,0.000004
29300,0.000004
29320,0.000004
29340,0.000004
29360,0.000002
29380,0.000004
29400,0.000004
29420,0.000001
29440,0.000001
29460,0.000004
29480,0.000003
29500,0.000001
29520,0.000004
29540,0.000001
29560,0.000004
29580,0.000004
29600,0.000010
29620,0.000003
29640,0.000001
29660,0.000001
29680,0.000006
29700,0.000003
29720,0.000004
29740,0.000001
29760,0.000004
29780,0.000004
29800,0.000001
29820,0.000001
29840,0.000004
29860,0.000003
29880,0.000002
29900,0.000006
29920,0.000001
29940,0.000001
29960,0.000002
29980,0.000001
30000,0.000004
30020,0.000006
30040,0.000003
30060,0.000004
30080,0.000004
30100,0.000002
30120,0.000002
30140,0.000001
30160,0.000001
30180,0.000004
30200,0.000002
30220,0.000002
30240,0.000001
30260,0.000002
30280,0.000004
30300,0.000003
30320,0.000002
30340,0.000001
30360,0.000004
30380,0.000004
30400,0.000004
30420,0.000001
30440,0.000002
30460,0.000001
30480,0.000002
30500,0.000001
30520,0.000001
30540,0.000004
30560,0.000006
30580,0.000001
30600,0.000001
30620,0.000004
30640,0.000003
30660,0.000004
30680,0.000001
30700,0.000004
30720,0.000001
30740,0.000002
30760,0.000004
30780,0.000004
30800,0.000002
30820,0.000001
30840,0.000004
30860,0.000001
30880,0.000001
30900,0.000004
30920,0.000004
30940,0.000002
30960,0.000001
30980,0.000004
31000,0.000002
31020,0.000002
31040,0.000004
31060,0.000001
31080,0.000001
31100,0.000002
31120,0.000004
31140,0.000001
31160,0.000004
31180,0.000004
31200,0.000004
31220,0.000004
31240,0.000004
31260,0.000004
31280,0.000004
31300,0.000002
31320,0.000002
31340,0.000026
31360,0.000001
31380,0.000003
31400,0.000004
31420,0.000002
31440,0.000002
31460,0.000001
31480,0.000004
31500,0.000004
31520,0.000002
31540,0.000004
31560,0.000004
31580,0.000004
31600,0.000003
31620,0.000003
31640,0.000009
31660,0.000006
31680,0.000002
31700,0.000002
31720,0.000004
31740,0.000002
31760,0.000004
31780,0.000002
31800,0.000002
31820,0.000004
31840,0.000004
31860,0.000004
31880,0.000004
31900,0.000004
31920,0.000005
31940,0.000002
31960,0.000001
31980,0.000004
32000,0.000001
32020,0.000004
32040,0.000002
32060,0.000001
32080,0.000001
32100,0.000006
32120,0.000004
32140,0.000009
32160,0.000001
32180,0.000002
32200,0.000003
32220,0.000002
32240,0.000004
32260,0.000004
32280,0.000001
32300,0.000004
32320,0.000025
32340,0.000004
32360,0.000002
32380,0.000002
32400,0.000004
32420,0.000003
32440,0.000001
32460,0.000025
32480,0.000002
32500,0.000001
32520,0.000003
32540,0.000002
32560,0.000001
32580,0.000002
32600,0.000004
32620,0.000001
32640,0.000001
32660,0.000004
32680,0.000002
32700,0.000003
32720,0.000004
32740,0.000002
32760,0.000001
32780,0.000004
32800,0.000002
32820,0.000004
32840,0.000002
32860,0.000004
32880,0.000001
32900,0.000004
32920,0.000001
32940,0.000001
32960,0.000001
32980,0.000001
33000,0.000004
33020,0.000004
33040,0.000001
33060,0.000003
33080,0.000001
33100,0.000003
33120,0.000002
33140,0.000001
33160,0.000004
33180,0.000001
33200,0.000003
33220,0.000002
33240,0.000003
33260,0.000003
33280,0.000025
33300,0.000003
33320,0.000001
33340,0.000001
33360,0.000002
33380,0.000003
33400,0.000001
33420,0.000003
33440,0.000002
33460,0.000001
33480,0.000003
33500,0.000002
33520,0.000000
33540,0.000002
33560,0.000002
33580,0.000002
33600,0.000002
33620,0.000006
33640,0.000006
33660,0.000000
33680,0.000003
33700,0.000003
33720,0.000000
33740,0.000001
33760,0.000000
33780,0.000004
33800,0.000003
33820,0.000005
33840,0.000003
33860,0.000003
33880,0.000002
33900,0.000000
33920,0.000003
33940,0.000001
33960,0.000001
33980,0.000003
34000,0.000002
34020,0.000001
34040,0.000000
34060,0.000003
34080,0.000003
34100,0.000000
34120,0.000009
34140,0.000003
34160,0.000003
34180,0.000001
34200,0.000003
34220,0.000003
34240,0.000003
34260,0.000000
34280,0.000003
34300,0.000002
34320,0.000001
34340,0.000001
34360,0.000000
34380,0.000001
34400,0.000000
34420,0.000001
34440,0.000005
34460,0.000003
34480,0.000003
34500,0.000002
34520,0.000003
34540,0.000001
34560,0.000000
34580,0.000003
34600,0.000005
34620,0.000001
34640,0.000001
34660,0.000001
34680,0.000002
34700,0.000002
34720,0.000003
34740,0.000003
34760,0.000003
34780,0.000000
34800,0.000002
34820,0.000001
34840,0.000002
34860,0.000003
34880,0.000000
34900,0.000002
34920,0.000003
34940,0.000001
34960,0.000001
34980,0.000001
35000,0.000000
35020,0.000003
35040,0.000005
35060,0.000003
35080,0.000000
35100,0.000003
35120,0.000001
35140,0.000001
35160,0.000000
35180,0.000003
35200,0.000003
35220,0.000003
35240,0.000003
35260,0.000001
35280,0.000003
35300,0.000003
35320,0.000001
35340,0.000003
35360,0.000001
35380,0.000013
35400,0.000003
35420,0.000000
35440,0.000003
35460,0.000001
35480,0.000000
35500,0.000005
35520,0.000003
35540,0.000001
35560,0.000003
35580,0.000001
35600,0.000003
35620,0.000000
35640,0.000000
35660,0.000000
35680,0.000001
35700,0.000004
35720,0.000005
35740,0.000003
35760,0.000000
35780,0.000000
35800,0.000000
35820,0.000001
35840,0.000000
35860,0.000000
35880,0.000003
35900,0.000000
35920,0.000001
35940,0.000000
35960,0.000001
35980,0.000000
36000,0.000003
36020,0.000003
36040,0.000000
36060,0.000001
36080,0.000001
36100,0.000000
36120,0.000001
36140,0.000000
36160,0.000001
36180,0.000003
36200,0.000005
36220,0.000003
36240,0.000023
36260,0.000000
36280,0.000000
36300,0.000001
36320,0.000003
36340,0.000003
36360,0.000002
36380,0.000001
36400,0.000003
36420,0.000003
36440,0.000002
36460,0.000002
36480,0.000012
36500,0.000001
36520,0.000002
36540,0.000001
36560,0.000000
36580,0.000001
36600,0.000022
36620,0.000003
36640,0.000001
36660,0.000003
36680,0.000002
36700,0.000003
36720,0.000000
36740,0.000001
36760,0.000000
36780,0.000003
36800,0.000000
36820,0.000003
36840,0.000001
36860,0.000003
36880,0.000001
36900,0.000002
36920,0.000003
36940,0.000003
36960,0.000003
36980,0.000000
37000,0.000000
37020,0.000005
37040,0.000003
37060,0.000003
37080,0.000003
37100,0.000001
37120,0.000002
37140,0.000003
37160,0.000003
37180,0.000001
37200,0.000008
37220,0.000005
37240,0.000003
37260,0.000003
37280,0.000003
37300,0.000000
37320,0.000003
37340,0.000001
37360,0.000000
37380,0.000003
37400,0.000001
37420,0.000003
37440,0.000000
37460,0.000003
37480,0.000003
37500,0.000003
37520,0.000001
37540,0.000003
37560,0.000000
37580,0.000000
37600,0.000005
37620,0.000002
37640,0.000001
37660,0.000008
37680,0.000001
37700,0.000001
37720,0.000003
37740,0.000005
37760,0.000002
37780,0.000001
37800,0.000003
37820,0.000002
37840,0.000003
37860,0.000003
37880,0.000000
37900,0.000003
37920,0.000003
37940,0.000003
37960,0.000003
37980,0.000000
38000,0.000003
38020,0.000001
38040,0.000001
38060,0.000003
38080,0.000001
38100,0.000002
38120,0.000001
38140,0.000003
38160,0.000003
38180,0.000000
38200,0.000003
38220,0.000001
38240,0.000002
38260,0.000001
38280,0.000000
38300,0.000000
38320,0.000003
38340,0.000000
38360,0.000003
38380,0.000003
38400,0.000000
38420,0.000001
38440,0.000000
38460,0.000001
38480,0.000000
38500,0.000003
38520,0.000000
38540,0.000005
38560,0.000003
38580,0.000000
38600,0.000001
38620,0.000001
38640,0.000000
38660,0.000002
38680,0.000001
38700,0.000000
38720,0.000001
38740,0.000003
38760,0.000002
38780,0.000003
38800,0.000003
38820,0.000001
38840,0.000011
38860,0.000002
38880,0.000005
38900,0.000003
38920,0.000000
38940,0.000001
38960,0.000000
38980,0.000000
39000,0.000003
39020,0.000003
39040,0.000001
39060,0.000001
39080,0.000001
39100,0.000003
39120,0.000003
39140,0.000003
39160,0.000000
39180,0.000003
39200,0.000003
39220,0.000003
39240,0.000003
39260,0.000001
39280,0.000003
39300,0.000001
39320,0.000003
39340,0.000001
39360,0.000003
39380,0.000001
39400,0.000003
39420,0.000000
39440,0.000003
39460,0.000003
39480,0.000001
39500,0.000003
39520,0.000001
39540,0.000003
39560,0.000003
39580,0.000003
39600,0.000001
39620,0.000000
39640,0.000003
39660,0.000000
39680,0.000000
39700,0.000003
39720,0.000000
39740,0.000007
39760,0.000011
39780,0.000000
39800,0.000003
39820,0.000003
39840,0.000000
39860,0.000005
39880,0.000000
39900,0.000001
39920,0.000003
39940,0.000005
39960,0.000011
39980,0.000000
0,0.000000
