./perceptron -c 4 3 3 --with-bias -e120000 --log-learning ../data/iris433_120000 
0,0.335955
20,0.233334
40,0.007928
60,0.007983
80,0.286884
100,0.189490
120,0.012139
140,0.010236
160,0.012142
180,0.009683
200,0.214481
220,0.011551
240,0.008765
260,0.196412
280,0.368822
300,0.291606
320,0.015193
340,0.219583
360,0.160420
380,0.013858
400,0.323175
420,0.014189
440,0.011665
460,0.180878
480,0.014859
500,0.154486
520,0.278477
540,0.268934
560,0.020814
580,0.129480
600,0.008605
620,0.184363
640,0.136418
660,0.011778
680,0.016237
700,0.171499
720,0.252646
740,0.014003
760,0.018451
780,0.014100
800,0.237622
820,0.009651
840,0.179228
860,0.162333
880,0.012834
900,0.171225
920,0.012518
940,0.332406
960,0.012747
980,0.368205
1000,0.012455
1020,0.145826
1040,0.142313
1060,0.168553
1080,0.013394
1100,0.018629
1120,0.138217
1140,0.125881
1160,0.125907
1180,0.206743
1200,0.163419
1220,0.013403
1240,0.256854
1260,0.153753
1280,0.011959
1300,0.441092
1320,0.009146
1340,0.018866
1360,0.011885
1380,0.175749
1400,0.191004
1420,0.175240
1440,0.601743
1460,0.162034
1480,0.175376
1500,0.359531
1520,0.386772
1540,0.162258
1560,0.222480
1580,0.173945
1600,0.176297
1620,0.014843
1640,0.132481
1660,0.114442
1680,0.281904
1700,0.013296
1720,0.162890
1740,0.009170
1760,0.370382
1780,0.013020
1800,0.157642
1820,0.158219
1840,0.334171
1860,0.015160
1880,0.158212
1900,0.218828
1920,0.012434
1940,0.326808
1960,0.017299
1980,0.152476
2000,0.013225
2020,0.192218
2040,0.410284
2060,0.011956
2080,0.151272
2100,0.368126
2120,0.153132
2140,0.009508
2160,0.157122
2180,0.015580
2200,0.166858
2220,0.178206
2240,0.164147
2260,0.008360
2280,0.131647
2300,0.011157
2320,0.010742
2340,0.143194
2360,0.013304
2380,0.162032
2400,0.159175
2420,0.154747
2440,0.180906
2460,0.146348
2480,0.022294
2500,0.015214
2520,0.015540
2540,0.013747
2560,0.258719
2580,0.153228
2600,0.011508
2620,0.013001
2640,0.009714
2660,0.177249
2680,0.168001
2700,0.218618
2720,0.171869
2740,0.151066
2760,0.019180
2780,0.014681
2800,0.013257
2820,0.246057
2840,0.175879
2860,0.168514
2880,0.203311
2900,0.435603
2920,0.152460
2940,0.142009
2960,0.011923
2980,0.140953
3000,0.135149
3020,0.436659
3040,0.174044
3060,0.148392
3080,0.014901
3100,0.131875
3120,0.009971
3140,0.012690
3160,0.019236
3180,0.013324
3200,0.133861
3220,0.013938
3240,0.147835
3260,0.126846
3280,0.144620
3300,0.175004
3320,0.197057
3340,0.179020
3360,0.009690
3380,0.152350
3400,0.340706
3420,0.202082
3440,0.147628
3460,0.010685
3480,0.180068
3500,0.226209
3520,0.145975
3540,0.014480
3560,0.158960
3580,0.155184
3600,0.286556
3620,0.218177
3640,0.007576
3660,0.261568
3680,0.016037
3700,0.147167
3720,0.010222
3740,0.166217
3760,0.169678
3780,0.198628
3800,0.140855
3820,0.335964
3840,0.130916
3860,0.015504
3880,0.010254
3900,0.010249
3920,0.147246
3940,0.008489
3960,0.166964
3980,0.179762
4000,0.363612
4020,0.171690
4040,0.011950
4060,0.155074
4080,0.012468
4100,0.254375
4120,0.121846
4140,0.254586
4160,0.127431
4180,0.011544
4200,0.141530
4220,0.176556
4240,0.163703
4260,0.155890
4280,0.015673
4300,0.011698
4320,0.014689
4340,0.118716
4360,0.012469
4380,0.005211
4400,0.470358
4420,0.051501
4440,0.003269
4460,0.002142
4480,0.749425
4500,0.014601
4520,0.010147
4540,0.001006
4560,0.000910
4580,0.008412
4600,0.000626
4620,0.000586
4640,0.000404
4660,0.004976
4680,0.000504
4700,0.004375
4720,0.000340
4740,0.000243
4760,0.005768
4780,0.000376
4800,0.004185
4820,0.000362
4840,0.000224
4860,0.007178
4880,0.000238
4900,0.270992
4920,0.000174
4940,0.000160
4960,0.000210
4980,0.000267
5000,0.003961
5020,0.000193
5040,0.000156
5060,0.000126
5080,0.000190
5100,0.003322
5120,0.000156
5140,0.000082
5160,0.000099
5180,0.002772
5200,0.000185
5220,0.000087
5240,0.004035
5260,0.000100
5280,0.000133
5300,0.995940
5320,0.000045
5340,0.000074
5360,0.000164
5380,0.000154
5400,0.000090
5420,0.001430
5440,0.001211
5460,0.000996
5480,0.000066
5500,0.000960
5520,0.000074
5540,0.000081
5560,0.000789
5580,0.000061
5600,0.000082
5620,0.000056
5640,0.000066
5660,0.000060
5680,0.000045
5700,0.000052
5720,0.000715
5740,0.000053
5760,0.000051
5780,0.000053
5800,0.000048
5820,0.000054
5840,0.000047
5860,0.000040
5880,0.000686
5900,0.000050
5920,0.000049
5940,0.000050
5960,0.000685
5980,0.000048
6000,0.000686
6020,0.000047
6040,0.000043
6060,0.000045
6080,0.000047
6100,0.000041
6120,0.000689
6140,0.000044
6160,0.000044
6180,0.000042
6200,0.000711
6220,0.000037
6240,0.000695
6260,0.000036
6280,0.000042
6300,0.000035
6320,0.000041
6340,0.000034
6360,0.000049
6380,0.000042
6400,0.000042
6420,0.000041
6440,0.000029
6460,0.000705
6480,0.000705
6500,0.000706
6520,0.000707
6540,0.000030
6560,0.000709
6580,0.000037
6600,0.000029
6620,0.000030
6640,0.000713
6660,0.000713
6680,0.000032
6700,0.000036
6720,0.000714
6740,0.000737
6760,0.000716
6780,0.000034
6800,0.000037
6820,0.000718
6840,0.000718
6860,0.000027
6880,0.000026
6900,0.000026
6920,0.000720
6940,0.000721
6960,0.000022
6980,0.000024
7000,0.000028
7020,0.000024
7040,0.000031
7060,0.001412
7080,0.000023
7100,0.000726
7120,0.000031
7140,0.000727
7160,0.000023
7180,0.000026
7200,0.000728
7220,0.000019
7240,0.000023
7260,0.000025
7280,0.000028
7300,0.000029
7320,0.000028
7340,0.000733
7360,0.000028
7380,0.001883
7400,0.000028
7420,0.000734
7440,0.000017
7460,0.000027
7480,0.000021
7500,0.000021
7520,0.000735
7540,0.000028
7560,0.000737
7580,0.000019
7600,0.000738
7620,0.000026
7640,0.000739
7660,0.000019
7680,0.000755
7700,0.000026
7720,0.000741
7740,0.000989
7760,0.000018
7780,0.000018
7800,0.000026
7820,0.000024
7840,0.000024
7860,0.001017
7880,0.000024
7900,0.000744
7920,0.000020
7940,0.000745
7960,0.000747
7980,0.000024
8000,0.000023
8020,0.000017
8040,0.000746
8060,0.000017
8080,0.000747
8100,0.000023
8120,0.000023
8140,0.000748
8160,0.000018
8180,0.000024
8200,0.000016
8220,0.000023
8240,0.000022
8260,0.000024
8280,0.000022
8300,0.000013
8320,0.000016
8340,0.000023
8360,0.000022
8380,0.000021
8400,0.000022
8420,0.000021
8440,0.000752
8460,0.000015
8480,0.000015
8500,0.000021
8520,0.000021
8540,0.000021
8560,0.000015
8580,0.000753
8600,0.000017
8620,0.000020
8640,0.000021
8660,0.000755
8680,0.000020
8700,0.000755
8720,0.000024
8740,0.000012
8760,0.000016
8780,0.000756
8800,0.000756
8820,0.000933
8840,0.000019
8860,0.000011
8880,0.000016
8900,0.000014
8920,0.000014
8940,0.000013
8960,0.000015
8980,0.000019
9000,0.000019
9020,0.000013
9040,0.000758
9060,0.000018
9080,0.000019
9100,0.000013
9120,0.000019
9140,0.000019
9160,0.000018
9180,0.000018
9200,0.000018
9220,0.000019
9240,0.000013
9260,0.000012
9280,0.000879
9300,0.000760
9320,0.000761
9340,0.000017
9360,0.000761
9380,0.000012
9400,0.000018
9420,0.000105
9440,0.000762
9460,0.000017
9480,0.000014
9500,0.000014
9520,0.000762
9540,0.000012
9560,0.000012
9580,0.000017
9600,0.000012
9620,0.000018
9640,0.000777
9660,0.000763
9680,0.000764
9700,0.000012
9720,0.000016
9740,0.000017
9760,0.000015
9780,0.000017
9800,0.000011
9820,0.000980
9840,0.000011
9860,0.000016
9880,0.000016
9900,0.000016
9920,0.000017
9940,0.000016
9960,0.000766
9980,0.000766
10000,0.000016
10020,0.000012
10040,0.000960
10060,0.000766
10080,0.000016
10100,0.000766
10120,0.000766
10140,0.000015
10160,0.000767
10180,0.000767
10200,0.000767
10220,0.000766
10240,0.000008
10260,0.000766
10280,0.000015
10300,0.000010
10320,0.000010
10340,0.000768
10360,0.000010
10380,0.000010
10400,0.000015
10420,0.000768
10440,0.000015
10460,0.000768
10480,0.000010
10500,0.000769
10520,0.000015
10540,0.000015
10560,0.945910
10580,0.000015
10600,0.000015
10620,0.000769
10640,0.000995
10660,0.000015
10680,0.000121
10700,0.000769
10720,0.000014
10740,0.000960
10760,0.000008
10780,0.000015
10800,0.000138
10820,0.000770
10840,0.000010
10860,0.000015
10880,0.000770
10900,0.000009
10920,0.000009
10940,0.000771
10960,0.000770
10980,0.000770
11000,0.000996
11020,0.000009
11040,0.000009
11060,0.000009
11080,0.000015
11100,0.000009
11120,0.000009
11140,0.000007
11160,0.000771
11180,0.000771
11200,0.000013
11220,0.000638
11240,0.000013
11260,0.000009
11280,0.000009
11300,0.000772
11320,0.000014
11340,0.000772
11360,0.000013
11380,0.000014
11400,0.000992
11420,0.000009
11440,0.000013
11460,0.000008
11480,0.000139
11500,0.000008
11520,0.000773
11540,0.000008
11560,0.000008
11580,0.000773
11600,0.000008
11620,0.000008
11640,0.000140
11660,0.000013
11680,0.000773
11700,0.000013
11720,0.000773
11740,0.000013
11760,0.000013
11780,0.000008
11800,0.000008
11820,0.000012
11840,0.000774
11860,0.000774
11880,0.000013
11900,0.000774
11920,0.000008
11940,0.000013
11960,0.000008
11980,0.000648
12000,0.000012
12020,0.000012
12040,0.000012
12060,0.000775
12080,0.000777
12100,0.000008
12120,0.000007
12140,0.002223
12160,0.000012
12180,0.000012
12200,0.000008
12220,0.000007
12240,0.000007
12260,0.000775
12280,0.000012
12300,0.000012
12320,0.000012
12340,0.000013
12360,0.000013
12380,0.000013
12400,0.000789
12420,0.000012
12440,0.945647
12460,0.000008
12480,0.000007
12500,0.000008
12520,0.000788
12540,0.000776
12560,0.000012
12580,0.000007
12600,0.000007
12620,0.000009
12640,0.945627
12660,0.000011
12680,0.000007
12700,0.000012
12720,0.000777
12740,0.000011
12760,0.000012
12780,0.000011
12800,0.000778
12820,0.000778
12840,0.000780
12860,0.000007
12880,0.000011
12900,0.000011
12920,0.000778
12940,0.000011
12960,0.000135
12980,0.000011
13000,0.000778
13020,0.000006
13040,0.000008
13060,0.000011
13080,0.000011
13100,0.000778
13120,0.000011
13140,0.000007
13160,0.000011
13180,0.000778
13200,0.000007
13220,0.000779
13240,0.000005
13260,0.000011
13280,0.000778
13300,0.000779
13320,0.000011
13340,0.000007
13360,0.000779
13380,0.000006
13400,0.000006
13420,0.000010
13440,0.000780
13460,0.000006
13480,0.000005
13500,0.000006
13520,0.000779
13540,0.000011
13560,0.000502
13580,0.000010
13600,0.000006
13620,0.000006
13640,0.000011
13660,0.000779
13680,0.000006
13700,0.000780
13720,0.000010
13740,0.000006
13760,0.000010
13780,0.000006
13800,0.000780
13820,0.000006
13840,0.000011
13860,0.000780
13880,0.000780
13900,0.000006
13920,0.000781
13940,0.000006
13960,0.000006
13980,0.000010
14000,0.000780
14020,0.000780
14040,0.000947
14060,0.000010
14080,0.000006
14100,0.000006
14120,0.000008
14140,0.000010
14160,0.000780
14180,0.000006
14200,0.000781
14220,0.000006
14240,0.000006
14260,0.000010
14280,0.000781
14300,0.000781
14320,0.000006
14340,0.000006
14360,0.000781
14380,0.000006
14400,0.000006
14420,0.000010
14440,0.000012
14460,0.000006
14480,0.000010
14500,0.000781
14520,0.000781
14540,0.000010
14560,0.000781
14580,0.000009
14600,0.000009
14620,0.000782
14640,0.000010
14660,0.000783
14680,0.000009
14700,0.000783
14720,0.000006
14740,0.000009
14760,0.000782
14780,0.000005
14800,0.000006
14820,0.000007
14840,0.000009
14860,0.000006
14880,0.000006
14900,0.000006
14920,0.000009
14940,0.000009
14960,0.000783
14980,0.000783
15000,0.002080
15020,0.000005
15040,0.000005
15060,0.000009
15080,0.000006
15100,0.000004
15120,0.000005
15140,0.000005
15160,0.000009
15180,0.000010
15200,0.000784
15220,0.000784
15240,0.000009
15260,0.000005
15280,0.000784
15300,0.000784
15320,0.000005
15340,0.000009
15360,0.000005
15380,0.000009
15400,0.000784
15420,0.000005
15440,0.000009
15460,0.000005
15480,0.000005
15500,0.000784
15520,0.000009
15540,0.000009
15560,0.000785
15580,0.000784
15600,0.000009
15620,0.000784
15640,0.000005
15660,0.000009
15680,0.000009
15700,0.000785
15720,0.000009
15740,0.000005
15760,0.000011
15780,0.000785
15800,0.000004
15820,0.000784
15840,0.000009
15860,0.000008
15880,0.000004
15900,0.000785
15920,0.000008
15940,0.000785
15960,0.000008
15980,0.000425
16000,0.000005
16020,0.000005
16040,0.000009
16060,0.000009
16080,0.000008
16100,0.000009
16120,0.000785
16140,0.000008
16160,0.945285
16180,0.000786
16200,0.000785
16220,0.000009
16240,0.000005
16260,0.000004
16280,0.000786
16300,0.000005
16320,0.000005
16340,0.000005
16360,0.000797
16380,0.000005
16400,0.000005
16420,0.000008
16440,0.000008
16460,0.000008
16480,0.000787
16500,0.000005
16520,0.000005
16540,0.000008
16560,0.000008
16580,0.000009
16600,0.000786
16620,0.000008
16640,0.000008
16660,0.000939
16680,0.000786
16700,0.000787
16720,0.000787
16740,0.000008
16760,0.000005
16780,0.000412
16800,0.000787
16820,0.000008
16840,0.000005
16860,0.000787
16880,0.000787
16900,0.000005
16920,0.000008
16940,0.000005
16960,0.000006
16980,0.000008
17000,0.000788
17020,0.000005
17040,0.000008
17060,0.000005
17080,0.000008
17100,0.000787
17120,0.000008
17140,0.000005
17160,0.000008
17180,0.000787
17200,0.000005
17220,0.000008
17240,0.000787
17260,0.000004
17280,0.000005
17300,0.000004
17320,0.000005
17340,0.000006
17360,0.000788
17380,0.000004
17400,0.000008
17420,0.000788
17440,0.000004
17460,0.000005
17480,0.000788
17500,0.000004
17520,0.000004
17540,0.000004
17560,0.000781
17580,0.001985
17600,0.000008
17620,0.000788
17640,0.000788
17660,0.000789
17680,0.000789
17700,0.000789
17720,0.000004
17740,0.000007
17760,0.000790
17780,0.000800
17800,0.000003
17820,0.000789
17840,0.000789
17860,0.000004
17880,0.000008
17900,0.000007
17920,0.000789
17940,0.000789
17960,0.000003
17980,0.000008
18000,0.000007
18020,0.000972
18040,0.000789
18060,0.000004
18080,0.000790
18100,0.000790
18120,0.000004
18140,0.000800
18160,0.000790
18180,0.000790
18200,0.000790
18220,0.000004
18240,0.000082
18260,0.000790
18280,0.000790
18300,0.000008
18320,0.000004
18340,0.000007
18360,0.000003
18380,0.000008
18400,0.000007
18420,0.000791
18440,0.000004
18460,0.000790
18480,0.000004
18500,0.000790
18520,0.000790
18540,0.000007
18560,0.000007
18580,0.000007
18600,0.000790
18620,0.000007
18640,0.000007
18660,0.000004
18680,0.000007
18700,0.000790
18720,0.000007
18740,0.000007
18760,0.000005
18780,0.000007
18800,0.000004
18820,0.000007
18840,0.000791
18860,0.000791
18880,0.000007
18900,0.000936
18920,0.000007
18940,0.000007
18960,0.000791
18980,0.000791
19000,0.000007
19020,0.000791
19040,0.000007
19060,0.000007
19080,0.000004
19100,0.000004
19120,0.000004
19140,0.000007
19160,0.001931
19180,0.000004
19200,0.000802
19220,0.000007
19240,0.000791
19260,0.000007
19280,0.000792
19300,0.000792
19320,0.000005
19340,0.000792
19360,0.000004
19380,0.000792
19400,0.000004
19420,0.000007
19440,0.000007
19460,0.000007
19480,0.000007
19500,0.000007
19520,0.000007
19540,0.000792
19560,0.000007
19580,0.000792
19600,0.000792
19620,0.000792
19640,0.000004
19660,0.000007
19680,0.000792
19700,0.000004
19720,0.000004
19740,0.000004
19760,0.000007
19780,0.000793
19800,0.000007
19820,0.000792
19840,0.000004
19860,0.000007
19880,0.000004
19900,0.000008
19920,0.000792
19940,0.000006
19960,0.000007
19980,0.000792
20000,0.000004
20020,0.000004
20040,0.000004
20060,0.000006
20080,0.000003
20100,0.000004
20120,0.000004
20140,0.000007
20160,0.000793
20180,0.000004
20200,0.000006
20220,0.000793
20240,0.000006
20260,0.000006
20280,0.000792
20300,0.000006
20320,0.000004
20340,0.000004
20360,0.000003
20380,0.000006
20400,0.000004
20420,0.000006
20440,0.000793
20460,0.000006
20480,0.000004
20500,0.000007
20520,0.000006
20540,0.000794
20560,0.000004
20580,0.000794
20600,0.000006
20620,0.000006
20640,0.000003
20660,0.000003
20680,0.000794
20700,0.000794
20720,0.000793
20740,0.000793
20760,0.000793
20780,0.000003
20800,0.000006
20820,0.000006
20840,0.000006
20860,0.000004
20880,0.000003
20900,0.000006
20920,0.000929
20940,0.000004
20960,0.000003
20980,0.000003
21000,0.000794
21020,0.000006
21040,0.000795
21060,0.000006
21080,0.000006
21100,0.000006
21120,0.000794
21140,0.000003
21160,0.000794
21180,0.000794
21200,0.000003
21220,0.000003
21240,0.000007
21260,0.000794
21280,0.000006
21300,0.000003
21320,0.000003
21340,0.000003
21360,0.000006
21380,0.001826
21400,0.000795
21420,0.000006
21440,0.000003
21460,0.000795
21480,0.000006
21500,0.001853
21520,0.000003
21540,0.000004
21560,0.000003
21580,0.000795
21600,0.000795
21620,0.000796
21640,0.000003
21660,0.000006
21680,0.000003
21700,0.000003
21720,0.000795
21740,0.000795
21760,0.000003
21780,0.000006
21800,0.000795
21820,0.000006
21840,0.000003
21860,0.000006
21880,0.000006
21900,0.000006
21920,0.000003
21940,0.000003
21960,0.000006
21980,0.000006
22000,0.000930
22020,0.000003
22040,0.000006
22060,0.000004
22080,0.000960
22100,0.000003
22120,0.000350
22140,0.000003
22160,0.000003
22180,0.000796
22200,0.000006
22220,0.000006
22240,0.000796
22260,0.000003
22280,0.000796
22300,0.000006
22320,0.000003
22340,0.000003
22360,0.000007
22380,0.000006
22400,0.000006
22420,0.000796
22440,0.000006
22460,0.001819
22480,0.000003
22500,0.000796
22520,0.000003
22540,0.000003
22560,0.000796
22580,0.000959
22600,0.000796
22620,0.000003
22640,0.000006
22660,0.000796
22680,0.000796
22700,0.000003
22720,0.000003
22740,0.000796
22760,0.000004
22780,0.000003
22800,0.000931
22820,0.000797
22840,0.000003
22860,0.000003
22880,0.000796
22900,0.000006
22920,0.000796
22940,0.000797
22960,0.000797
22980,0.000003
23000,0.000797
23020,0.000003
23040,0.000006
23060,0.000003
23080,0.000797
23100,0.000003
23120,0.000003
23140,0.000006
23160,0.000005
23180,0.000005
23200,0.000006
23220,0.000003
23240,0.000005
23260,0.000003
23280,0.000006
23300,0.000003
23320,0.000797
23340,0.000006
23360,0.000003
23380,0.000797
23400,0.000797
23420,0.000006
23440,0.000797
23460,0.000003
23480,0.000797
23500,0.000003
23520,0.000296
23540,0.000006
23560,0.000005
23580,0.000798
23600,0.000807
23620,0.000006
23640,0.000005
23660,0.000005
23680,0.000005
23700,0.000003
23720,0.000928
23740,0.000006
23760,0.000797
23780,0.000005
23800,0.000798
23820,0.000006
23840,0.000005
23860,0.000798
23880,0.000006
23900,0.000005
23920,0.000005
23940,0.000003
23960,0.001778
23980,0.000005
24000,0.000005
24020,0.000798
24040,0.000006
24060,0.000798
24080,0.000005
24100,0.000798
24120,0.000005
24140,0.000003
24160,0.000798
24180,0.000798
24200,0.000003
24220,0.000003
24240,0.000005
24260,0.000005
24280,0.000005
24300,0.000291
24320,0.000005
24340,0.000003
24360,0.000073
24380,0.000005
24400,0.000799
24420,0.000006
24440,0.000798
24460,0.000798
24480,0.000006
24500,0.000799
24520,0.000798
24540,0.000003
24560,0.000799
24580,0.000282
24600,0.000799
24620,0.944809
24640,0.000799
24660,0.000799
24680,0.000003
24700,0.000003
24720,0.000005
24740,0.000003
24760,0.000799
24780,0.000799
24800,0.000005
24820,0.000003
24840,0.000005
24860,0.000799
24880,0.000927
24900,0.000005
24920,0.000003
24940,0.000006
24960,0.000799
24980,0.000005
25000,0.000799
25020,0.000005
25040,0.000003
25060,0.000799
25080,0.000003
25100,0.000005
25120,0.000799
25140,0.000800
25160,0.000003
25180,0.000003
25200,0.000005
25220,0.000003
25240,0.000003
25260,0.000005
25280,0.000799
25300,0.000799
25320,0.000006
25340,0.000799
25360,0.000005
25380,0.000005
25400,0.000799
25420,0.000005
25440,0.000005
25460,0.000003
25480,0.000800
25500,0.000800
25520,0.000005
25540,0.000005
25560,0.000003
25580,0.000005
25600,0.000005
25620,0.000003
25640,0.000003
25660,0.000800
25680,0.000287
25700,0.000800
25720,0.000800
25740,0.000799
25760,0.000799
25780,0.000003
25800,0.000003
25820,0.000003
25840,0.000003
25860,0.000003
25880,0.000003
25900,0.000003
25920,0.000003
25940,0.000005
25960,0.000005
25980,0.000005
26000,0.000003
26020,0.000003
26040,0.000005
26060,0.000005
26080,0.000801
26100,0.000003
26120,0.000801
26140,0.000003
26160,0.944754
26180,0.000005
26200,0.000005
26220,0.000005
26240,0.000005
26260,0.000801
26280,0.000003
26300,0.000003
26320,0.000801
26340,0.000003
26360,0.000003
26380,0.000005
26400,0.000801
26420,0.000005
26440,0.000801
26460,0.000005
26480,0.000005
26500,0.000059
26520,0.000003
26540,0.944765
26560,0.000005
26580,0.000003
26600,0.000003
26620,0.000801
26640,0.000801
26660,0.000005
26680,0.000801
26700,0.000005
26720,0.000005
26740,0.000003
26760,0.000005
26780,0.000801
26800,0.000801
26820,0.000801
26840,0.000801
26860,0.000802
26880,0.000005
26900,0.000801
26920,0.000263
26940,0.000003
26960,0.000801
26980,0.000801
27000,0.000801
27020,0.000005
27040,0.000926
27060,0.944763
27080,0.000005
27100,0.000926
27120,0.000276
27140,0.000005
27160,0.000005
27180,0.000003
27200,0.000801
27220,0.000802
27240,0.000005
27260,0.000802
27280,0.000005
27300,0.000005
27320,0.000954
27340,0.000002
27360,0.000801
27380,0.000062
27400,0.000801
27420,0.000801
27440,0.000801
27460,0.000005
27480,0.000005
27500,0.000005
27520,0.000802
27540,0.000002
27560,0.000275
27580,0.000005
27600,0.000802
27620,0.000002
27640,0.000802
27660,0.000802
27680,0.000002
27700,0.000002
27720,0.000005
27740,0.000802
27760,0.000802
27780,0.000002
27800,0.000802
27820,0.000802
27840,0.000004
27860,0.000005
27880,0.000005
27900,0.000002
27920,0.000802
27940,0.000002
27960,0.000002
27980,0.000002
28000,0.000005
28020,0.000802
28040,0.000004
28060,0.000002
28080,0.000803
28100,0.000802
28120,0.000002
28140,0.000004
28160,0.944700
28180,0.000802
28200,0.000802
28220,0.000004
28240,0.000005
28260,0.000802
28280,0.000005
28300,0.000004
28320,0.000802
28340,0.001687
28360,0.000003
28380,0.000002
28400,0.000004
28420,0.000002
28440,0.000802
28460,0.000059
28480,0.000004
28500,0.000002
28520,0.000004
28540,0.000802
28560,0.000802
28580,0.000795
28600,0.000005
28620,0.000795
28640,0.000004
28660,0.000002
28680,0.000004
28700,0.000005
28720,0.000802
28740,0.000803
28760,0.000256
28780,0.944683
28800,0.000005
28820,0.001686
28840,0.000002
28860,0.000004
28880,0.000005
28900,0.000803
28920,0.000002
28940,0.944680
28960,0.000002
28980,0.000002
29000,0.001694
29020,0.000004
29040,0.000005
29060,0.000002
29080,0.000003
29100,0.000004
29120,0.000002
29140,0.000002
29160,0.000004
29180,0.000002
29200,0.000004
29220,0.001686
29240,0.000002
29260,0.000805
29280,0.000004
29300,0.000002
29320,0.000002
29340,0.000004
29360,0.000004
29380,0.000004
29400,0.000004
29420,0.000804
29440,0.000002
29460,0.000803
29480,0.000002
29500,0.000004
29520,0.000002
29540,0.000004
29560,0.000004
29580,0.000002
29600,0.000921
29620,0.000004
29640,0.000005
29660,0.000004
29680,0.000004
29700,0.000002
29720,0.000002
29740,0.000005
29760,0.000059
29780,0.000002
29800,0.000002
29820,0.000804
29840,0.000005
29860,0.000804
29880,0.000004
29900,0.000804
29920,0.000804
29940,0.000804
29960,0.000804
29980,0.000004
30000,0.000804
30020,0.000004
30040,0.000002
30060,0.000804
30080,0.000002
30100,0.000237
30120,0.000804
30140,0.000004
30160,0.000004
30180,0.000002
30200,0.000004
30220,0.000804
30240,0.000804
30260,0.000004
30280,0.000004
30300,0.000004
30320,0.000005
30340,0.000004
30360,0.000002
30380,0.000002
30400,0.000004
30420,0.000002
30440,0.000804
30460,0.000004
30480,0.000805
30500,0.000002
30520,0.000003
30540,0.000002
30560,0.000004
30580,0.000004
30600,0.000804
30620,0.000804
30640,0.000004
30660,0.000805
30680,0.000805
30700,0.000055
30720,0.000804
30740,0.000004
30760,0.000004
30780,0.000005
30800,0.000002
30820,0.000002
30840,0.000797
30860,0.000002
30880,0.000805
30900,0.000002
30920,0.000004
30940,0.000804
30960,0.000004
30980,0.000004
31000,0.000004
31020,0.000804
31040,0.000004
31060,0.000004
31080,0.000002
31100,0.000003
31120,0.000002
31140,0.000003
31160,0.000002
31180,0.000004
31200,0.000804
31220,0.000004
31240,0.000002
31260,0.000805
31280,0.000004
31300,0.000805
31320,0.000004
31340,0.000004
31360,0.000805
31380,0.000002
31400,0.000004
31420,0.000004
31440,0.000804
31460,0.000805
31480,0.000002
31500,0.000806
31520,0.000002
31540,0.000002
31560,0.000804
31580,0.000002
31600,0.000004
31620,0.000004
31640,0.000805
31660,0.000805
31680,0.000004
31700,0.000805
31720,0.944589
31740,0.000002
31760,0.000002
31780,0.000004
31800,0.000805
31820,0.000805
31840,0.000002
31860,0.000002
31880,0.000805
31900,0.000004
31920,0.000945
31940,0.000004
31960,0.000004
31980,0.000004
32000,0.000002
32020,0.000004
32040,0.000004
32060,0.000004
32080,0.000806
32100,0.001644
32120,0.000806
32140,0.000806
32160,0.000806
32180,0.000002
32200,0.000805
32220,0.000002
32240,0.000806
32260,0.000004
32280,0.000004
32300,0.000004
32320,0.000806
32340,0.000806
32360,0.000004
32380,0.000004
32400,0.000004
32420,0.000805
32440,0.000806
32460,0.000806
32480,0.000002
32500,0.000002
32520,0.000004
32540,0.000806
32560,0.000002
32580,0.000806
32600,0.000004
32620,0.000002
32640,0.000002
32660,0.000806
32680,0.000004
32700,0.000004
32720,0.000004
32740,0.000002
32760,0.000002
32780,0.000002
32800,0.000004
32820,0.000002
32840,0.000004
32860,0.000002
32880,0.000004
32900,0.000806
32920,0.000002
32940,0.000004
32960,0.000002
32980,0.000002
33000,0.000004
33020,0.000807
33040,0.000002
33060,0.000807
33080,0.000004
33100,0.000806
33120,0.000806
33140,0.000806
33160,0.000002
33180,0.000806
33200,0.000004
33220,0.000002
33240,0.000002
33260,0.000004
33280,0.000004
33300,0.000002
33320,0.000004
33340,0.000806
33360,0.000807
33380,0.000004
33400,0.000806
33420,0.000806
33440,0.000807
33460,0.000807
33480,0.000806
33500,0.000004
33520,0.000807
33540,0.000807
33560,0.000004
33580,0.000002
33600,0.000004
33620,0.000004
33640,0.000004
33660,0.000806
33680,0.000807
33700,0.000002
33720,0.000004
33740,0.000807
33760,0.000919
33780,0.000002
33800,0.000002
33820,0.000004
33840,0.000004
33860,0.000004
33880,0.000002
33900,0.000002
33920,0.000807
33940,0.001614
33960,0.000002
33980,0.000807
34000,0.000002
34020,0.000815
34040,0.000004
34060,0.000002
34080,0.000807
34100,0.001596
34120,0.000807
34140,0.000004
34160,0.000004
34180,0.000004
34200,0.000807
34220,0.000807
34240,0.000807
34260,0.000004
34280,0.000002
34300,0.000807
34320,0.000919
34340,0.000807
34360,0.000807
34380,0.000808
34400,0.000004
34420,0.000211
34440,0.000004
34460,0.000004
34480,0.000002
34500,0.000004
34520,0.000002
34540,0.000945
34560,0.000002
34580,0.000002
34600,0.000004
34620,0.000002
34640,0.000002
34660,0.000004
34680,0.000002
34700,0.000002
34720,0.000808
34740,0.000004
34760,0.000002
34780,0.000002
34800,0.001610
34820,0.000004
34840,0.000004
34860,0.000808
34880,0.000808
34900,0.000004
34920,0.000004
34940,0.000002
34960,0.000002
34980,0.000808
35000,0.000002
35020,0.000002
35040,0.000002
35060,0.000946
35080,0.000808
35100,0.000002
35120,0.000002
35140,0.000004
35160,0.000945
35180,0.000808
35200,0.000002
35220,0.000808
35240,0.000944
35260,0.000047
35280,0.000004
35300,0.000808
35320,0.000004
35340,0.000004
35360,0.000003
35380,0.000808
35400,0.000002
35420,0.000809
35440,0.000002
35460,0.000003
35480,0.000004
35500,0.000222
35520,0.000002
35540,0.000002
35560,0.000808
35580,0.000002
35600,0.000002
35620,0.000808
35640,0.000004
35660,0.000808
35680,0.000002
35700,0.000002
35720,0.000003
35740,0.000809
35760,0.000003
35780,0.000002
35800,0.000809
35820,0.000003
35840,0.000002
35860,0.000002
35880,0.000002
35900,0.000809
35920,0.000002
35940,0.000809
35960,0.000002
35980,0.000003
36000,0.000004
36020,0.000004
36040,0.000004
36060,0.000002
36080,0.000809
36100,0.000004
36120,0.000002
36140,0.000002
36160,0.000002
36180,0.000003
36200,0.944494
36220,0.000217
36240,0.000002
36260,0.000003
36280,0.000003
36300,0.000003
36320,0.000003
36340,0.000809
36360,0.000002
36380,0.000809
36400,0.000004
36420,0.000003
36440,0.000809
36460,0.000002
36480,0.000816
36500,0.000808
36520,0.000004
36540,0.000002
36560,0.000004
36580,0.000808
36600,0.000002
36620,0.000002
36640,0.000801
36660,0.000003
36680,0.000809
36700,0.000809
36720,0.000002
36740,0.000004
36760,0.000809
36780,0.000002
36800,0.000002
36820,0.000002
36840,0.000809
36860,0.000003
36880,0.000001
36900,0.000003
36920,0.000809
36940,0.000809
36960,0.000809
36980,0.000002
37000,0.000003
37020,0.000002
37040,0.000003
37060,0.000809
37080,0.000002
37100,0.000809
37120,0.000003
37140,0.000002
37160,0.000002
37180,0.944457
37200,0.000003
37220,0.000003
37240,0.000809
37260,0.000212
37280,0.000809
37300,0.000002
37320,0.000817
37340,0.000003
37360,0.000809
37380,0.000810
37400,0.000809
37420,0.000809
37440,0.000003
37460,0.000002
37480,0.000002
37500,0.000002
37520,0.000003
37540,0.000002
37560,0.000002
37580,0.000810
37600,0.000810
37620,0.000003
37640,0.000002
37660,0.000003
37680,0.000201
37700,0.000810
37720,0.000003
37740,0.000002
37760,0.000003
37780,0.000916
37800,0.000003
37820,0.000002
37840,0.000003
37860,0.000002
37880,0.000810
37900,0.000002
37920,0.000003
37940,0.000003
37960,0.000809
37980,0.000003
38000,0.000003
38020,0.000809
38040,0.000004
38060,0.000002
38080,0.000810
38100,0.000196
38120,0.000809
38140,0.000002
38160,0.000002
38180,0.000002
38200,0.000003
38220,0.000809
38240,0.000003
38260,0.000003
38280,0.000003
38300,0.000003
38320,0.000003
38340,0.000002
38360,0.000004
38380,0.000810
38400,0.000002
38420,0.000003
38440,0.000002
38460,0.000002
38480,0.000002
38500,0.000810
38520,0.000003
38540,0.000811
38560,0.000811
38580,0.000003
38600,0.000002
38620,0.000002
38640,0.000002
38660,0.000003
38680,0.000810
38700,0.000003
38720,0.000003
38740,0.000810
38760,0.000810
38780,0.000810
38800,0.000002
38820,0.000003
38840,0.000003
38860,0.000002
38880,0.000004
38900,0.000810
38920,0.000810
38940,0.000003
38960,0.000811
38980,0.000810
39000,0.000810
39020,0.000003
39040,0.000003
39060,0.000003
39080,0.000810
39100,0.000002
39120,0.000002
39140,0.000003
39160,0.000810
39180,0.000002
39200,0.000002
39220,0.000810
39240,0.000002
39260,0.000002
39280,0.000003
39300,0.000003
39320,0.000940
39340,0.001540
39360,0.000810
39380,0.000003
39400,0.000003
39420,0.000195
39440,0.000002
39460,0.000003
39480,0.000810
39500,0.000810
39520,0.000803
39540,0.000810
39560,0.000811
39580,0.000003
39600,0.000811
39620,0.000002
39640,0.000002
39660,0.000811
39680,0.000002
39700,0.000002
39720,0.000003
39740,0.000003
39760,0.000002
39780,0.000002
39800,0.000192
39820,0.000003
39840,0.000002
39860,0.000002
39880,0.000939
39900,0.000811
39920,0.000003
39940,0.000002
39960,0.000811
39980,0.000002
40000,0.000003
40020,0.000811
40040,0.000003
40060,0.000003
40080,0.000811
40100,0.000002
40120,0.000003
40140,0.000002
40160,0.000811
40180,0.944401
40200,0.000811
40220,0.000002
40240,0.000002
40260,0.000002
40280,0.000003
40300,0.000002
40320,0.000812
40340,0.000812
40360,0.000003
40380,0.000811
40400,0.000001
40420,0.000812
40440,0.000002
40460,0.000002
40480,0.000003
40500,0.000002
40520,0.000811
40540,0.000812
40560,0.000002
40580,0.000003
40600,0.000003
40620,0.000811
40640,0.000003
40660,0.000811
40680,0.000003
40700,0.000003
40720,0.000003
40740,0.000045
40760,0.000002
40780,0.000002
40800,0.000002
40820,0.000002
40840,0.000003
40860,0.000002
40880,0.000003
40900,0.000811
40920,0.000003
40940,0.000003
40960,0.000819
40980,0.000002
41000,0.000003
41020,0.000812
41040,0.000002
41060,0.000001
41080,0.000003
41100,0.000812
41120,0.000002
41140,0.000001
41160,0.000002
41180,0.000002
41200,0.000812
41220,0.000812
41240,0.000001
41260,0.000003
41280,0.000003
41300,0.000003
41320,0.000001
41340,0.000002
41360,0.000812
41380,0.000003
41400,0.000002
41420,0.000812
41440,0.000002
41460,0.000003
41480,0.000003
41500,0.000003
41520,0.000003
41540,0.000812
41560,0.000002
41580,0.000002
41600,0.000002
41620,0.000812
41640,0.000811
41660,0.000812
41680,0.000001
41700,0.000812
41720,0.000004
41740,0.000003
41760,0.000001
41780,0.000003
41800,0.000811
41820,0.000818
41840,0.000001
41860,0.000811
41880,0.000003
41900,0.000003
41920,0.000001
41940,0.000003
41960,0.000812
41980,0.000001
42000,0.000001
42020,0.000912
42040,0.000003
42060,0.000001
42080,0.000001
42100,0.000812
42120,0.000003
42140,0.000001
42160,0.000001
42180,0.000812
42200,0.000003
42220,0.000003
42240,0.000003
42260,0.000812
42280,0.000003
42300,0.000003
42320,0.000003
42340,0.000001
42360,0.000003
42380,0.001525
42400,0.000003
42420,0.000003
42440,0.000003
42460,0.000001
42480,0.000003
42500,0.000001
42520,0.000003
42540,0.000001
42560,0.000003
42580,0.000003
42600,0.000003
42620,0.000003
42640,0.000812
42660,0.000001
42680,0.000001
42700,0.000003
42720,0.000813
42740,0.000002
42760,0.000001
42780,0.000813
42800,0.000813
42820,0.000003
42840,0.000003
42860,0.000003
42880,0.000001
42900,0.000003
42920,0.000003
42940,0.000813
42960,0.000001
42980,0.000812
43000,0.000001
43020,0.000001
43040,0.000003
43060,0.000003
43080,0.000001
43100,0.000001
43120,0.000813
43140,0.000813
43160,0.000820
43180,0.000003
43200,0.000813
43220,0.000003
43240,0.000001
43260,0.000813
43280,0.000003
43300,0.000001
43320,0.000003
43340,0.000003
43360,0.000003
43380,0.000003
43400,0.000813
43420,0.000813
43440,0.000813
43460,0.000001
43480,0.000813
43500,0.000003
43520,0.000003
43540,0.000001
43560,0.000813
43580,0.000001
43600,0.000001
43620,0.000003
43640,0.000813
43660,0.000001
43680,0.000002
43700,0.000813
43720,0.000002
43740,0.000004
43760,0.000003
43780,0.000003
43800,0.000813
43820,0.000001
43840,0.000813
43860,0.944326
43880,0.000813
43900,0.000003
43920,0.000814
43940,0.000003
43960,0.000813
43980,0.000813
44000,0.000820
44020,0.000003
44040,0.000002
44060,0.000001
44080,0.000001
44100,0.000814
44120,0.000001
44140,0.000813
44160,0.000003
44180,0.000002
44200,0.000813
44220,0.000813
44240,0.000001
44260,0.000002
44280,0.000003
44300,0.000813
44320,0.000001
44340,0.000003
44360,0.000001
44380,0.000001
44400,0.000001
44420,0.000813
44440,0.000814
44460,0.000002
44480,0.000813
44500,0.000001
44520,0.000813
44540,0.000001
44560,0.000002
44580,0.000001
44600,0.000003
44620,0.000813
44640,0.000813
44660,0.000001
44680,0.000814
44700,0.000003
44720,0.000003
44740,0.000003
44760,0.000814
44780,0.000001
44800,0.000814
44820,0.000003
44840,0.000001
44860,0.000003
44880,0.000001
44900,0.000003
44920,0.000001
44940,0.000003
44960,0.000001
44980,0.000001
45000,0.000003
45020,0.000003
45040,0.000003
45060,0.000003
45080,0.000001
45100,0.000813
45120,0.000001
45140,0.000820
45160,0.000003
45180,0.000813
45200,0.000002
45220,0.000003
45240,0.000813
45260,0.000814
45280,0.000813
45300,0.000001
45320,0.000003
45340,0.000003
45360,0.944308
45380,0.000003
45400,0.000003
45420,0.000003
45440,0.000814
45460,0.000814
45480,0.000815
45500,0.000001
45520,0.000911
45540,0.000003
45560,0.000814
45580,0.000814
45600,0.000937
45620,0.000003
45640,0.000003
45660,0.000814
45680,0.000001
45700,0.000001
45720,0.000814
45740,0.000003
45760,0.000814
45780,0.000003
45800,0.000003
45820,0.000001
45840,0.000003
45860,0.000001
45880,0.000001
45900,0.000001
45920,0.000001
45940,0.000001
45960,0.000001
45980,0.000001
46000,0.000003
46020,0.000041
46040,0.000814
46060,0.000003
46080,0.000814
46100,0.000003
46120,0.000814
46140,0.000003
46160,0.000934
46180,0.000814
46200,0.000002
46220,0.000003
46240,0.000001
46260,0.000001
46280,0.000001
46300,0.000001
46320,0.000814
46340,0.000003
46360,0.000814
46380,0.000003
46400,0.000003
46420,0.000814
46440,0.000003
46460,0.000814
46480,0.000003
46500,0.000814
46520,0.000001
46540,0.000003
46560,0.000001
46580,0.000003
46600,0.000001
46620,0.000814
46640,0.000003
46660,0.944291
46680,0.000003
46700,0.000003
46720,0.000003
46740,0.000815
46760,0.000815
46780,0.000815
46800,0.000003
46820,0.000003
46840,0.000003
46860,0.000003
46880,0.000001
46900,0.000003
46920,0.000003
46940,0.000814
46960,0.000001
46980,0.000001
47000,0.000814
47020,0.000814
47040,0.000003
47060,0.000003
47080,0.000814
47100,0.000001
47120,0.000003
47140,0.000001
47160,0.000001
47180,0.000003
47200,0.000816
47220,0.000003
47240,0.000814
47260,0.000815
47280,0.000815
47300,0.000815
47320,0.000814
47340,0.000815
47360,0.000003
47380,0.000003
47400,0.000815
47420,0.000001
47440,0.000001
47460,0.000003
47480,0.000815
47500,0.000001
47520,0.000909
47540,0.000001
47560,0.000822
47580,0.000815
47600,0.000001
47620,0.000003
47640,0.000814
47660,0.000001
47680,0.000814
47700,0.000001
47720,0.000003
47740,0.000814
47760,0.000001
47780,0.000003
47800,0.000815
47820,0.000003
47840,0.000003
47860,0.000003
47880,0.000003
47900,0.000003
47920,0.000003
47940,0.000001
47960,0.000001
47980,0.000001
48000,0.000003
48020,0.000001
48040,0.000001
48060,0.000815
48080,0.000001
48100,0.000815
48120,0.000001
48140,0.000003
48160,0.000815
48180,0.000001
48200,0.000001
48220,0.000001
48240,0.000003
48260,0.000003
48280,0.000815
48300,0.000815
48320,0.000003
48340,0.000003
48360,0.000815
48380,0.000001
48400,0.000003
48420,0.000815
48440,0.000003
48460,0.000003
48480,0.000003
48500,0.000001
48520,0.000815
48540,0.000815
48560,0.000815
48580,0.000815
48600,0.000815
48620,0.000815
48640,0.000001
48660,0.000003
48680,0.000001
48700,0.000815
48720,0.000002
48740,0.000822
48760,0.000161
48780,0.000815
48800,0.000003
48820,0.000815
48840,0.000001
48860,0.000815
48880,0.000815
48900,0.000003
48920,0.000003
48940,0.000002
48960,0.000815
48980,0.944254
49000,0.000003
49020,0.000001
49040,0.000816
49060,0.000003
49080,0.000815
49100,0.000003
49120,0.000001
49140,0.000816
49160,0.000816
49180,0.000003
49200,0.000815
49220,0.000003
49240,0.000001
49260,0.000816
49280,0.000816
49300,0.000001
49320,0.000003
49340,0.000003
49360,0.000001
49380,0.000816
49400,0.000816
49420,0.000002
49440,0.000003
49460,0.000815
49480,0.000002
49500,0.000001
49520,0.000001
49540,0.000815
49560,0.000003
49580,0.000001
49600,0.000001
49620,0.000001
49640,0.000001
49660,0.000003
49680,0.000816
49700,0.000001
49720,0.000002
49740,0.000816
49760,0.000815
49780,0.000003
49800,0.000002
49820,0.000002
49840,0.000001
49860,0.000003
49880,0.000001
49900,0.000003
49920,0.000816
49940,0.000002
49960,0.944239
49980,0.000815
50000,0.000001
50020,0.000002
50040,0.000001
50060,0.000816
50080,0.000001
50100,0.000003
50120,0.000817
50140,0.000002
50160,0.000002
50180,0.001458
50200,0.000817
50220,0.000908
50240,0.000001
50260,0.000816
50280,0.000816
50300,0.000815
50320,0.000816
50340,0.000002
50360,0.000003
50380,0.000001
50400,0.000816
50420,0.000002
50440,0.000002
50460,0.000003
50480,0.000001
50500,0.000001
50520,0.000002
50540,0.000002
50560,0.000152
50580,0.000816
50600,0.000001
50620,0.000907
50640,0.000816
50660,0.000001
50680,0.000003
50700,0.000002
50720,0.000001
50740,0.000002
50760,0.000816
50780,0.000001
50800,0.000001
50820,0.000001
50840,0.000001
50860,0.000001
50880,0.000001
50900,0.000002
50920,0.000816
50940,0.000001
50960,0.000002
50980,0.000815
51000,0.000815
51020,0.000002
51040,0.000815
51060,0.000001
51080,0.000001
51100,0.000816
51120,0.000003
51140,0.000816
51160,0.000001
51180,0.000001
51200,0.000001
51220,0.000001
51240,0.000001
51260,0.000001
51280,0.000816
51300,0.000003
51320,0.000001
51340,0.000002
51360,0.000001
51380,0.000816
51400,0.000002
51420,0.000155
51440,0.000002
51460,0.000932
51480,0.000816
51500,0.000001
51520,0.000002
51540,0.000907
51560,0.000002
51580,0.000002
51600,0.000001
51620,0.000002
51640,0.000002
51660,0.000001
51680,0.000001
51700,0.000816
51720,0.000816
51740,0.000003
51760,0.000001
51780,0.000036
51800,0.000001
51820,0.000001
51840,0.000816
51860,0.000001
51880,0.001446
51900,0.000001
51920,0.000002
51940,0.000822
51960,0.000808
51980,0.000816
52000,0.000002
52020,0.000816
52040,0.000817
52060,0.000003
52080,0.000001
52100,0.000001
52120,0.000809
52140,0.000002
52160,0.000001
52180,0.000002
52200,0.000001
52220,0.000817
52240,0.000816
52260,0.000816
52280,0.000002
52300,0.000907
52320,0.000003
52340,0.000817
52360,0.000001
52380,0.000817
52400,0.000823
52420,0.000001
52440,0.000930
52460,0.000816
52480,0.000816
52500,0.000002
52520,0.000816
52540,0.000001
52560,0.000002
52580,0.000001
52600,0.000001
52620,0.000002
52640,0.944213
52660,0.000817
52680,0.000817
52700,0.000002
52720,0.000152
52740,0.000001
52760,0.000001
52780,0.000823
52800,0.000817
52820,0.000001
52840,0.000002
52860,0.000001
52880,0.000002
52900,0.000003
52920,0.000001
52940,0.000002
52960,0.000002
52980,0.000001
53000,0.000001
53020,0.000001
53040,0.000001
53060,0.000817
53080,0.000817
53100,0.000001
53120,0.000003
53140,0.000002
53160,0.000002
53180,0.000001
53200,0.000817
53220,0.000001
53240,0.000001
53260,0.000001
53280,0.000001
53300,0.000817
53320,0.000002
53340,0.000002
53360,0.000003
53380,0.000002
53400,0.000823
53420,0.000002
53440,0.000817
53460,0.000001
53480,0.000001
53500,0.000817
53520,0.000002
53540,0.000001
53560,0.000817
53580,0.000001
53600,0.000002
53620,0.000001
53640,0.000817
53660,0.000818
53680,0.000817
53700,0.000002
53720,0.000002
53740,0.000818
53760,0.000001
53780,0.000002
53800,0.000002
53820,0.001437
53840,0.000002
53860,0.000002
53880,0.000002
53900,0.000001
53920,0.000001
53940,0.000002
53960,0.000002
53980,0.000001
54000,0.000002
54020,0.000001
54040,0.000002
54060,0.000002
54080,0.000002
54100,0.000817
54120,0.001429
54140,0.000817
54160,0.000001
54180,0.000817
54200,0.000001
54220,0.000817
54240,0.000001
54260,0.000002
54280,0.000002
54300,0.000001
54320,0.000002
54340,0.000001
54360,0.000907
54380,0.000001
54400,0.000001
54420,0.000818
54440,0.000002
54460,0.000001
54480,0.000824
54500,0.000818
54520,0.000818
54540,0.000001
54560,0.000001
54580,0.000001
54600,0.000002
54620,0.000035
54640,0.000002
54660,0.000002
54680,0.000002
54700,0.000819
54720,0.000002
54740,0.000001
54760,0.000931
54780,0.000818
54800,0.000818
54820,0.000002
54840,0.000003
54860,0.000818
54880,0.000817
54900,0.000817
54920,0.000001
54940,0.000818
54960,0.000001
54980,0.000001
55000,0.000001
55020,0.000001
55040,0.000817
55060,0.000002
55080,0.000929
55100,0.000001
55120,0.000001
55140,0.000001
55160,0.000818
55180,0.000905
55200,0.000818
55220,0.000001
55240,0.000001
55260,0.000002
55280,0.000002
55300,0.001433
55320,0.000002
55340,0.000818
55360,0.000818
55380,0.000002
55400,0.000824
55420,0.000002
55440,0.000001
55460,0.000001
55480,0.000001
55500,0.000001
55520,0.000818
55540,0.000818
55560,0.000818
55580,0.000001
55600,0.000002
55620,0.000002
55640,0.000810
55660,0.000002
55680,0.000002
55700,0.000818
55720,0.000002
55740,0.000001
55760,0.000002
55780,0.000002
55800,0.000002
55820,0.000818
55840,0.000001
55860,0.000002
55880,0.000001
55900,0.000001
55920,0.000001
55940,0.000002
55960,0.000002
55980,0.000904
56000,0.000139
56020,0.000002
56040,0.000818
56060,0.000818
56080,0.000002
56100,0.000001
56120,0.000002
56140,0.000002
56160,0.000033
56180,0.001425
56200,0.000002
56220,0.000002
56240,0.000003
56260,0.000001
56280,0.000002
56300,0.000001
56320,0.000002
56340,0.000818
56360,0.000818
56380,0.000002
56400,0.000818
56420,0.000904
56440,0.000002
56460,0.000001
56480,0.000818
56500,0.000818
56520,0.000002
56540,0.000002
56560,0.000927
56580,0.000001
56600,0.000002
56620,0.000002
56640,0.000002
56660,0.000818
56680,0.000033
56700,0.000002
56720,0.000818
56740,0.000032
56760,0.000033
56780,0.000928
56800,0.000001
56820,0.000818
56840,0.000001
56860,0.000818
56880,0.000001
56900,0.000001
56920,0.000001
56940,0.000818
56960,0.000002
56980,0.000001
57000,0.000818
57020,0.000002
57040,0.000001
57060,0.000818
57080,0.000002
57100,0.000001
57120,0.000002
57140,0.000001
57160,0.000001
57180,0.000819
57200,0.000002
57220,0.000819
57240,0.000001
57260,0.000002
57280,0.000001
57300,0.000002
57320,0.000002
57340,0.000819
57360,0.000002
57380,0.000002
57400,0.000001
57420,0.000001
57440,0.000818
57460,0.000002
57480,0.000002
57500,0.000001
57520,0.000818
57540,0.000002
57560,0.000818
57580,0.000002
57600,0.000818
57620,0.000001
57640,0.000002
57660,0.000002
57680,0.000003
57700,0.000001
57720,0.000001
57740,0.000818
57760,0.000001
57780,0.000001
57800,0.000819
57820,0.000001
57840,0.000819
57860,0.000002
57880,0.000001
57900,0.000001
57920,0.000002
57940,0.000002
57960,0.000819
57980,0.000001
58000,0.000002
58020,0.000001
58040,0.000002
58060,0.000819
58080,0.944145
58100,0.000001
58120,0.000818
58140,0.944145
58160,0.000002
58180,0.000001
58200,0.000001
58220,0.000001
58240,0.000002
58260,0.000002
58280,0.000002
58300,0.000002
58320,0.000002
58340,0.000002
58360,0.000818
58380,0.000001
58400,0.000001
58420,0.000002
58440,0.000002
58460,0.000001
58480,0.000819
58500,0.000002
58520,0.000002
58540,0.000002
58560,0.000002
58580,0.000001
58600,0.000001
58620,0.000001
58640,0.000001
58660,0.000819
58680,0.000819
58700,0.000819
58720,0.000819
58740,0.000002
58760,0.000001
58780,0.000819
58800,0.000825
58820,0.000002
58840,0.000002
58860,0.000001
58880,0.000819
58900,0.000819
58920,0.000819
58940,0.000001
58960,0.000001
58980,0.000002
59000,0.000002
59020,0.000001
59040,0.000002
59060,0.000819
59080,0.000002
59100,0.000926
59120,0.000033
59140,0.000002
59160,0.000002
59180,0.000819
59200,0.000001
59220,0.000002
59240,0.000002
59260,0.000001
59280,0.000001
59300,0.000001
59320,0.000002
59340,0.000001
59360,0.000001
59380,0.000819
59400,0.000001
59420,0.000002
59440,0.000002
59460,0.000002
59480,0.000001
59500,0.000001
59520,0.000001
59540,0.000001
59560,0.000001
59580,0.000002
59600,0.000002
59620,0.000002
59640,0.000002
59660,0.000819
59680,0.000001
59700,0.000818
59720,0.000002
59740,0.000002
59760,0.000031
59780,0.000819
59800,0.000819
59820,0.000819
59840,0.000001
59860,0.000001
59880,0.000001
59900,0.000002
59920,0.000001
59940,0.000002
59960,0.000002
59980,0.000031
60000,0.000819
60020,0.000001
60040,0.000820
60060,0.000903
60080,0.000003
60100,0.000001
60120,0.000002
60140,0.000820
60160,0.000002
60180,0.000820
60200,0.000927
60220,0.000001
60240,0.000001
60260,0.000820
60280,0.000030
60300,0.000001
60320,0.000126
60340,0.000001
60360,0.000820
60380,0.000819
60400,0.000002
60420,0.944100
60440,0.000001
60460,0.000820
60480,0.000001
60500,0.000002
60520,0.000002
60540,0.000002
60560,0.000926
60580,0.000001
60600,0.000820
60620,0.000820
60640,0.000002
60660,0.000002
60680,0.000001
60700,0.000002
60720,0.000002
60740,0.000001
60760,0.000002
60780,0.000002
60800,0.000002
60820,0.000819
60840,0.000001
60860,0.000001
60880,0.000002
60900,0.000001
60920,0.000002
60940,0.000001
60960,0.000820
60980,0.000001
61000,0.000002
61020,0.000001
61040,0.000819
61060,0.000001
61080,0.000820
61100,0.000820
61120,0.000002
61140,0.000001
61160,0.000001
61180,0.000002
61200,0.000002
61220,0.000001
61240,0.000002
61260,0.000820
61280,0.000002
61300,0.000002
61320,0.000002
61340,0.000002
61360,0.000819
61380,0.000002
61400,0.000819
61420,0.000001
61440,0.000819
61460,0.000002
61480,0.000001
61500,0.000002
61520,0.000820
61540,0.000002
61560,0.000820
61580,0.000001
61600,0.000002
61620,0.000001
61640,0.000001
61660,0.000820
61680,0.000820
61700,0.000002
61720,0.000133
61740,0.000002
61760,0.000001
61780,0.000002
61800,0.000001
61820,0.000030
61840,0.000002
61860,0.000002
61880,0.000002
61900,0.000001
61920,0.000002
61940,0.000001
61960,0.000820
61980,0.000001
62000,0.000820
62020,0.000820
62040,0.000002
62060,0.000001
62080,0.000821
62100,0.000002
62120,0.000001
62140,0.000003
62160,0.000002
62180,0.000001
62200,0.000820
62220,0.000002
62240,0.000001
62260,0.000820
62280,0.000032
62300,0.000820
62320,0.000002
62340,0.000001
62360,0.000002
62380,0.000128
62400,0.000002
62420,0.000002
62440,0.000003
62460,0.000002
62480,0.000820
62500,0.000820
62520,0.000002
62540,0.000003
62560,0.000002
62580,0.000002
62600,0.000821
62620,0.000820
62640,0.000821
62660,0.000821
62680,0.000001
62700,0.000821
62720,0.000821
62740,0.000002
62760,0.000820
62780,0.000820
62800,0.000923
62820,0.000001
62840,0.000002
62860,0.000825
62880,0.000001
62900,0.000001
62920,0.000001
62940,0.000820
62960,0.000002
62980,0.000002
63000,0.000002
63020,0.000002
63040,0.000001
63060,0.000820
63080,0.000002
63100,0.000820
63120,0.000002
63140,0.000002
63160,0.000125
63180,0.000001
63200,0.000001
63220,0.000826
63240,0.000820
63260,0.000001
63280,0.000002
63300,0.000001
63320,0.000002
63340,0.000820
63360,0.000001
63380,0.000002
63400,0.000001
63420,0.000001
63440,0.000820
63460,0.000820
63480,0.000002
63500,0.000002
63520,0.000001
63540,0.000001
63560,0.000002
63580,0.000820
63600,0.000001
63620,0.000820
63640,0.000002
63660,0.000820
63680,0.000001
63700,0.000001
63720,0.001382
63740,0.000001
63760,0.000820
63780,0.000001
63800,0.000002
63820,0.000821
63840,0.000002
63860,0.000002
63880,0.000002
63900,0.000002
63920,0.000001
63940,0.000002
63960,0.000821
63980,0.000001
64000,0.000826
64020,0.000002
64040,0.000002
64060,0.000821
64080,0.000821
64100,0.000001
64120,0.000821
64140,0.000002
64160,0.000002
64180,0.000820
64200,0.000002
64220,0.000128
64240,0.000001
64260,0.000001
64280,0.000002
64300,0.000001
64320,0.000002
64340,0.000001
64360,0.000001
64380,0.000002
64400,0.000820
64420,0.000821
64440,0.944083
64460,0.000002
64480,0.000821
64500,0.000002
64520,0.000821
64540,0.000820
64560,0.000001
64580,0.000002
64600,0.000821
64620,0.944081
64640,0.000002
64660,0.000821
64680,0.000002
64700,0.000821
64720,0.000821
64740,0.000001
64760,0.000001
64780,0.000002
64800,0.000002
64820,0.000820
64840,0.000821
64860,0.000820
64880,0.000002
64900,0.000001
64920,0.000002
64940,0.000821
64960,0.000821
64980,0.000821
65000,0.000821
65020,0.000820
65040,0.000001
65060,0.000821
65080,0.000923
65100,0.000821
65120,0.000001
65140,0.000821
65160,0.000001
65180,0.000821
65200,0.000001
65220,0.000002
65240,0.000001
65260,0.000822
65280,0.000001
65300,0.000001
65320,0.000001
65340,0.000001
65360,0.000030
65380,0.000821
65400,0.000821
65420,0.000001
65440,0.000002
65460,0.000001
65480,0.000821
65500,0.000002
65520,0.000821
65540,0.000821
65560,0.000002
65580,0.000001
65600,0.000002
65620,0.000125
65640,0.000001
65660,0.000126
65680,0.000821
65700,0.000001
65720,0.000001
65740,0.000002
65760,0.000001
65780,0.000001
65800,0.000002
65820,0.000001
65840,0.000002
65860,0.000821
65880,0.000002
65900,0.000001
65920,0.000002
65940,0.000821
65960,0.000821
65980,0.000821
66000,0.000001
66020,0.000030
66040,0.000002
66060,0.000821
66080,0.000002
66100,0.000001
66120,0.000002
66140,0.000822
66160,0.000002
66180,0.000123
66200,0.000002
66220,0.000002
66240,0.000001
66260,0.000821
66280,0.000821
66300,0.000001
66320,0.000002
66340,0.000821
66360,0.000002
66380,0.000002
66400,0.000002
66420,0.000002
66440,0.000002
66460,0.000821
66480,0.000821
66500,0.000002
66520,0.000001
66540,0.000001
66560,0.000821
66580,0.000001
66600,0.000821
66620,0.000821
66640,0.000002
66660,0.000001
66680,0.000001
66700,0.000002
66720,0.000002
66740,0.000001
66760,0.000002
66780,0.000001
66800,0.000001
66820,0.000001
66840,0.000002
66860,0.000821
66880,0.000001
66900,0.001375
66920,0.000821
66940,0.000821
66960,0.000002
66980,0.000002
67000,0.000001
67020,0.000821
67040,0.000821
67060,0.000002
67080,0.000001
67100,0.000002
67120,0.000821
67140,0.000821
67160,0.000001
67180,0.000001
67200,0.944049
67220,0.944046
67240,0.000822
67260,0.000002
67280,0.000001
67300,0.000002
67320,0.000002
67340,0.000001
67360,0.000821
67380,0.000001
67400,0.000822
67420,0.000821
67440,0.944052
67460,0.000001
67480,0.000002
67500,0.000821
67520,0.000002
67540,0.000002
67560,0.000001
67580,0.000001
67600,0.000002
67620,0.000001
67640,0.000822
67660,0.000001
67680,0.000822
67700,0.000822
67720,0.000822
67740,0.000002
67760,0.000822
67780,0.000822
67800,0.000002
67820,0.000002
67840,0.000002
67860,0.000001
67880,0.000002
67900,0.000001
67920,0.000001
67940,0.000822
67960,0.000001
67980,0.000823
68000,0.000001
68020,0.000822
68040,0.000821
68060,0.000001
68080,0.000001
68100,0.000001
68120,0.000001
68140,0.000001
68160,0.000001
68180,0.000822
68200,0.000822
68220,0.000822
68240,0.000923
68260,0.000822
68280,0.000002
68300,0.000822
68320,0.000822
68340,0.000822
68360,0.000002
68380,0.000821
68400,0.000002
68420,0.000821
68440,0.000002
68460,0.000822
68480,0.000822
68500,0.000822
68520,0.000900
68540,0.000002
68560,0.000002
68580,0.000116
68600,0.001364
68620,0.000001
68640,0.000002
68660,0.000002
68680,0.000002
68700,0.000002
68720,0.000001
68740,0.000822
68760,0.000001
68780,0.000814
68800,0.000822
68820,0.000001
68840,0.000002
68860,0.000002
68880,0.000002
68900,0.000002
68920,0.000822
68940,0.000002
68960,0.000002
68980,0.000002
69000,0.000002
69020,0.000001
69040,0.000001
69060,0.000001
69080,0.000002
69100,0.000001
69120,0.000822
69140,0.000822
69160,0.000822
69180,0.000001
69200,0.000001
69220,0.000822
69240,0.000922
69260,0.000002
69280,0.000001
69300,0.000822
69320,0.000002
69340,0.000822
69360,0.000002
69380,0.000002
69400,0.000822
69420,0.000002
69440,0.000116
69460,0.000001
69480,0.000002
69500,0.000822
69520,0.000001
69540,0.000001
69560,0.000002
69580,0.000002
69600,0.000002
69620,0.000822
69640,0.000822
69660,0.000822
69680,0.000002
69700,0.000002
69720,0.000002
69740,0.000001
69760,0.000001
69780,0.000001
69800,0.000001
69820,0.000002
69840,0.000002
69860,0.000822
69880,0.000822
69900,0.000002
69920,0.000002
69940,0.000001
69960,0.000002
69980,0.000823
70000,0.000001
70020,0.000822
70040,0.000001
70060,0.000823
70080,0.000001
70100,0.000002
70120,0.000823
70140,0.000001
70160,0.000001
70180,0.000001
70200,0.000118
70220,0.000001
70240,0.000822
70260,0.000822
70280,0.000001
70300,0.000002
70320,0.000822
70340,0.000828
70360,0.000823
70380,0.000001
70400,0.000001
70420,0.000002
70440,0.000001
70460,0.000002
70480,0.000002
70500,0.000823
70520,0.000823
70540,0.000822
70560,0.000899
70580,0.000001
70600,0.000002
70620,0.000001
70640,0.000822
70660,0.000001
70680,0.000002
70700,0.000822
70720,0.000002
70740,0.000823
70760,0.000001
70780,0.000002
70800,0.000823
70820,0.000823
70840,0.000899
70860,0.000823
70880,0.000002
70900,0.000002
70920,0.000823
70940,0.000823
70960,0.000002
70980,0.000001
71000,0.000002
71020,0.000822
71040,0.000822
71060,0.000822
71080,0.000001
71100,0.000823
71120,0.000828
71140,0.000001
71160,0.000002
71180,0.000823
71200,0.000002
71220,0.000822
71240,0.000002
71260,0.000001
71280,0.000823
71300,0.000001
71320,0.000027
71340,0.000898
71360,0.000822
71380,0.000822
71400,0.000001
71420,0.000027
71440,0.000822
71460,0.000001
71480,0.000002
71500,0.944043
71520,0.000002
71540,0.000002
71560,0.000001
71580,0.000822
71600,0.000002
71620,0.000822
71640,0.000822
71660,0.000822
71680,0.000001
71700,0.000001
71720,0.000001
71740,0.000002
71760,0.000822
71780,0.000822
71800,0.000002
71820,0.000827
71840,0.000002
71860,0.000002
71880,0.000028
71900,0.000001
71920,0.000002
71940,0.000002
71960,0.000822
71980,0.000001
72000,0.000002
72020,0.000822
72040,0.000822
72060,0.000002
72080,0.000001
72100,0.000002
72120,0.000002
72140,0.000001
72160,0.000001
72180,0.000002
72200,0.000001
72220,0.000002
72240,0.000822
72260,0.000823
72280,0.000823
72300,0.000001
72320,0.000823
72340,0.000001
72360,0.000823
72380,0.000001
72400,0.000001
72420,0.000823
72440,0.000002
72460,0.000002
72480,0.000823
72500,0.000001
72520,0.000002
72540,0.000001
72560,0.000002
72580,0.000001
72600,0.000002
72620,0.000001
72640,0.000002
72660,0.000002
72680,0.000002
72700,0.000002
72720,0.000001
72740,0.000002
72760,0.000823
72780,0.000002
72800,0.000001
72820,0.000002
72840,0.000001
72860,0.000001
72880,0.000001
72900,0.000823
72920,0.000823
72940,0.000823
72960,0.000002
72980,0.000001
73000,0.000002
73020,0.000002
73040,0.000823
73060,0.000001
73080,0.000823
73100,0.000002
73120,0.000002
73140,0.000822
73160,0.000002
73180,0.000001
73200,0.000822
73220,0.000822
73240,0.000001
73260,0.000823
73280,0.000002
73300,0.000002
73320,0.000001
73340,0.000824
73360,0.000001
73380,0.000002
73400,0.000001
73420,0.000002
73440,0.000002
73460,0.000823
73480,0.000002
73500,0.000001
73520,0.000002
73540,0.000002
73560,0.000002
73580,0.000823
73600,0.000002
73620,0.000027
73640,0.000112
73660,0.000823
73680,0.000001
73700,0.000824
73720,0.000002
73740,0.000920
73760,0.000001
73780,0.000002
73800,0.000824
73820,0.000001
73840,0.000824
73860,0.000002
73880,0.000001
73900,0.000823
73920,0.943980
73940,0.000824
73960,0.000002
73980,0.000823
74000,0.000823
74020,0.000001
74040,0.000824
74060,0.000919
74080,0.000002
74100,0.000001
74120,0.000001
74140,0.000823
74160,0.000001
74180,0.000001
74200,0.000001
74220,0.000823
74240,0.000823
74260,0.000002
74280,0.000001
74300,0.000001
74320,0.000897
74340,0.000002
74360,0.000823
74380,0.000001
74400,0.000823
74420,0.000002
74440,0.000002
74460,0.000002
74480,0.000824
74500,0.000112
74520,0.000823
74540,0.000001
74560,0.000823
74580,0.000001
74600,0.000001
74620,0.000002
74640,0.000113
74660,0.000001
74680,0.000002
74700,0.000001
74720,0.000002
74740,0.000001
74760,0.000001
74780,0.000001
74800,0.000823
74820,0.000001
74840,0.000829
74860,0.000823
74880,0.000823
74900,0.000001
74920,0.000002
74940,0.000001
74960,0.000002
74980,0.000002
75000,0.000816
75020,0.000824
75040,0.000002
75060,0.000002
75080,0.000002
75100,0.000002
75120,0.000001
75140,0.000002
75160,0.000002
75180,0.943970
75200,0.000109
75220,0.000920
75240,0.943944
75260,0.000001
75280,0.000001
75300,0.000001
75320,0.000001
75340,0.000001
75360,0.000001
75380,0.000002
75400,0.000002
75420,0.000002
75440,0.000824
75460,0.000824
75480,0.001337
75500,0.000002
75520,0.000824
75540,0.000824
75560,0.000824
75580,0.000824
75600,0.000002
75620,0.000823
75640,0.000002
75660,0.000002
75680,0.000002
75700,0.000002
75720,0.000001
75740,0.000110
75760,0.000824
75780,0.000002
75800,0.000001
75820,0.000001
75840,0.000002
75860,0.000824
75880,0.000001
75900,0.000823
75920,0.000002
75940,0.000001
75960,0.000002
75980,0.000824
76000,0.000001
76020,0.000824
76040,0.000919
76060,0.000001
76080,0.000002
76100,0.000824
76120,0.000824
76140,0.000001
76160,0.000001
76180,0.000001
76200,0.000001
76220,0.000001
76240,0.000824
76260,0.000002
76280,0.000824
76300,0.000824
76320,0.000824
76340,0.000825
76360,0.000002
76380,0.000001
76400,0.000001
76420,0.000824
76440,0.000824
76460,0.000897
76480,0.000824
76500,0.000824
76520,0.000002
76540,0.000110
76560,0.000824
76580,0.000002
76600,0.000002
76620,0.000823
76640,0.000026
76660,0.000001
76680,0.000002
76700,0.000001
76720,0.000824
76740,0.000001
76760,0.000002
76780,0.000025
76800,0.000001
76820,0.000001
76840,0.000824
76860,0.000002
76880,0.000824
76900,0.000002
76920,0.000001
76940,0.000002
76960,0.000001
76980,0.000001
77000,0.000001
77020,0.000001
77040,0.001333
77060,0.000001
77080,0.000824
77100,0.000001
77120,0.000001
77140,0.000001
77160,0.000109
77180,0.000001
77200,0.000002
77220,0.000002
77240,0.000001
77260,0.000002
77280,0.000824
77300,0.000001
77320,0.000001
77340,0.000108
77360,0.000824
77380,0.000823
77400,0.000002
77420,0.000105
77440,0.000001
77460,0.000824
77480,0.000001
77500,0.000824
77520,0.000001
77540,0.000001
77560,0.000002
77580,0.000002
77600,0.000001
77620,0.000002
77640,0.000918
77660,0.000002
77680,0.000824
77700,0.000001
77720,0.000002
77740,0.000002
77760,0.000002
77780,0.000001
77800,0.001331
77820,0.000824
77840,0.000825
77860,0.000002
77880,0.000002
77900,0.000002
77920,0.000001
77940,0.000824
77960,0.000001
77980,0.000002
78000,0.000001
78020,0.000824
78040,0.000001
78060,0.001327
78080,0.000824
78100,0.000825
78120,0.000002
78140,0.000896
78160,0.000824
78180,0.000001
78200,0.000002
78220,0.000001
78240,0.000026
78260,0.000001
78280,0.000002
78300,0.000824
78320,0.000824
78340,0.000001
78360,0.000002
78380,0.000002
78400,0.000001
78420,0.000001
78440,0.000001
78460,0.000026
78480,0.000002
78500,0.000001
78520,0.000001
78540,0.000001
78560,0.000002
78580,0.000001
78600,0.000824
78620,0.000001
78640,0.000829
78660,0.001326
78680,0.000001
78700,0.000001
78720,0.000825
78740,0.000001
78760,0.000002
78780,0.000105
78800,0.000001
78820,0.000002
78840,0.000002
78860,0.000001
78880,0.000002
78900,0.000001
78920,0.000002
78940,0.000002
78960,0.943926
78980,0.000825
79000,0.000001
79020,0.000001
79040,0.000104
79060,0.000918
79080,0.000002
79100,0.000002
79120,0.000025
79140,0.000002
79160,0.000001
79180,0.000825
79200,0.000001
79220,0.000001
79240,0.000825
79260,0.000824
79280,0.000824
79300,0.000824
79320,0.000002
79340,0.000002
79360,0.000001
79380,0.943967
79400,0.000002
79420,0.000002
79440,0.000001
79460,0.000001
79480,0.000002
79500,0.000103
79520,0.000002
79540,0.000001
79560,0.000824
79580,0.000824
79600,0.000824
79620,0.000002
79640,0.000825
79660,0.000002
79680,0.001324
79700,0.000002
79720,0.000002
79740,0.000001
79760,0.000001
79780,0.000825
79800,0.000002
79820,0.000002
79840,0.000001
79860,0.943937
79880,0.000825
79900,0.000825
79920,0.000001
79940,0.000099
79960,0.000001
79980,0.000824
80000,0.000824
80020,0.000001
80040,0.000001
80060,0.000002
80080,0.000002
80100,0.000001
80120,0.000824
80140,0.000002
80160,0.000001
80180,0.000001
80200,0.000001
80220,0.000824
80240,0.000001
80260,0.000002
80280,0.000002
80300,0.000001
80320,0.000824
80340,0.000001
80360,0.000824
80380,0.000825
80400,0.000825
80420,0.000025
80440,0.000002
80460,0.000001
80480,0.000002
80500,0.000002
80520,0.000002
80540,0.000825
80560,0.000825
80580,0.000002
80600,0.000825
80620,0.000002
80640,0.000002
80660,0.000002
80680,0.000002
80700,0.000001
80720,0.000002
80740,0.001320
80760,0.000002
80780,0.000825
80800,0.000002
80820,0.000826
80840,0.000825
80860,0.000002
80880,0.000002
80900,0.000002
80920,0.000001
80940,0.000001
80960,0.000103
80980,0.000002
81000,0.943916
81020,0.000825
81040,0.000001
81060,0.000825
81080,0.000001
81100,0.000825
81120,0.000001
81140,0.000002
81160,0.000825
81180,0.000002
81200,0.000825
81220,0.000101
81240,0.000001
81260,0.000825
81280,0.000825
81300,0.000825
81320,0.000825
81340,0.000825
81360,0.000002
81380,0.000002
81400,0.000001
81420,0.000002
81440,0.000002
81460,0.000001
81480,0.000002
81500,0.000895
81520,0.000002
81540,0.000825
81560,0.000826
81580,0.000002
81600,0.001318
81620,0.000001
81640,0.000002
81660,0.000002
81680,0.000002
81700,0.000001
81720,0.000887
81740,0.000825
81760,0.943937
81780,0.000001
81800,0.000825
81820,0.000002
81840,0.000001
81860,0.000825
81880,0.000002
81900,0.000001
81920,0.000825
81940,0.000001
81960,0.000825
81980,0.000001
82000,0.000002
82020,0.000002
82040,0.000002
82060,0.000001
82080,0.000001
82100,0.000825
82120,0.000001
82140,0.000002
82160,0.000001
82180,0.000825
82200,0.000001
82220,0.000002
82240,0.000001
82260,0.000002
82280,0.000001
82300,0.000001
82320,0.000001
82340,0.001315
82360,0.000001
82380,0.000001
82400,0.000002
82420,0.000001
82440,0.000825
82460,0.000001
82480,0.000001
82500,0.000825
82520,0.000001
82540,0.000001
82560,0.000001
82580,0.000825
82600,0.000001
82620,0.000001
82640,0.000104
82660,0.000001
82680,0.000024
82700,0.001316
82720,0.000001
82740,0.000001
82760,0.000826
82780,0.000001
82800,0.000825
82820,0.000825
82840,0.000825
82860,0.000001
82880,0.000001
82900,0.000001
82920,0.000825
82940,0.000824
82960,0.000825
82980,0.000002
83000,0.000001
83020,0.000825
83040,0.000001
83060,0.000001
83080,0.000825
83100,0.000001
83120,0.000002
83140,0.000001
83160,0.000825
83180,0.001310
83200,0.000001
83220,0.000001
83240,0.000001
83260,0.000001
83280,0.000001
83300,0.000825
83320,0.000001
83340,0.000002
83360,0.000002
83380,0.000001
83400,0.000001
83420,0.000001
83440,0.000894
83460,0.000001
83480,0.000001
83500,0.000001
83520,0.000001
83540,0.000001
83560,0.000825
83580,0.000001
83600,0.000001
83620,0.000895
83640,0.000916
83660,0.000001
83680,0.000002
83700,0.000825
83720,0.000001
83740,0.000001
83760,0.000024
83780,0.001311
83800,0.000001
83820,0.000001
83840,0.000001
83860,0.000001
83880,0.000024
83900,0.000826
83920,0.000825
83940,0.000001
83960,0.000825
83980,0.000826
84000,0.000826
84020,0.000825
84040,0.000001
84060,0.000001
84080,0.000002
84100,0.000001
84120,0.000825
84140,0.000001
84160,0.000001
84180,0.000002
84200,0.000825
84220,0.000001
84240,0.000826
84260,0.000001
84280,0.000001
84300,0.000001
84320,0.000831
84340,0.000002
84360,0.000001
84380,0.000001
84400,0.000826
84420,0.000001
84440,0.000001
84460,0.000826
84480,0.000001
84500,0.000001
84520,0.000001
84540,0.943902
84560,0.000826
84580,0.000001
84600,0.000826
84620,0.000001
84640,0.000001
84660,0.000001
84680,0.000001
84700,0.000001
84720,0.000001
84740,0.000001
84760,0.000001
84780,0.000001
84800,0.000894
84820,0.000103
84840,0.000826
84860,0.000001
84880,0.000001
84900,0.000826
84920,0.000002
84940,0.000826
84960,0.000002
84980,0.000002
85000,0.000001
85020,0.000826
85040,0.000826
85060,0.000826
85080,0.000002
85100,0.000826
85120,0.943909
85140,0.000826
85160,0.000001
85180,0.000826
85200,0.000001
85220,0.000826
85240,0.000001
85260,0.000101
85280,0.000826
85300,0.000001
85320,0.000001
85340,0.000001
85360,0.000001
85380,0.000894
85400,0.000001
85420,0.000001
85440,0.000826
85460,0.943900
85480,0.000831
85500,0.000001
85520,0.000002
85540,0.000826
85560,0.000894
85580,0.000001
85600,0.000001
85620,0.000826
85640,0.000826
85660,0.000001
85680,0.000002
85700,0.000826
85720,0.000826
85740,0.000826
85760,0.000825
85780,0.000826
85800,0.000826
85820,0.000001
85840,0.000002
85860,0.000023
85880,0.000826
85900,0.943907
85920,0.000001
85940,0.000826
85960,0.000001
85980,0.000826
86000,0.000826
86020,0.000001
86040,0.000097
86060,0.000915
86080,0.000001
86100,0.000001
86120,0.000001
86140,0.000826
86160,0.000001
86180,0.000826
86200,0.001303
86220,0.000001
86240,0.000825
86260,0.000826
86280,0.000002
86300,0.000001
86320,0.000001
86340,0.000001
86360,0.000826
86380,0.000001
86400,0.000826
86420,0.000001
86440,0.000827
86460,0.000001
86480,0.000001
86500,0.000001
86520,0.000001
86540,0.000826
86560,0.001303
86580,0.000826
86600,0.000001
86620,0.000001
86640,0.000826
86660,0.000001
86680,0.000001
86700,0.000825
86720,0.000826
86740,0.000826
86760,0.000001
86780,0.000826
86800,0.000001
86820,0.000001
86840,0.000001
86860,0.000001
86880,0.000826
86900,0.000001
86920,0.000827
86940,0.000826
86960,0.000001
86980,0.000001
87000,0.000826
87020,0.000001
87040,0.000001
87060,0.000001
87080,0.000001
87100,0.000818
87120,0.000826
87140,0.000894
87160,0.000826
87180,0.000001
87200,0.943894
87220,0.000002
87240,0.943918
87260,0.000001
87280,0.000001
87300,0.000002
87320,0.000001
87340,0.000001
87360,0.000001
87380,0.000826
87400,0.000002
87420,0.000826
87440,0.000001
87460,0.000826
87480,0.000826
87500,0.000826
87520,0.000001
87540,0.000826
87560,0.000001
87580,0.000826
87600,0.000001
87620,0.000001
87640,0.000001
87660,0.000001
87680,0.000827
87700,0.000827
87720,0.000002
87740,0.000826
87760,0.000001
87780,0.000001
87800,0.000001
87820,0.000826
87840,0.000826
87860,0.000001
87880,0.000827
87900,0.000827
87920,0.000827
87940,0.000827
87960,0.000001
87980,0.000001
88000,0.000002
88020,0.000827
88040,0.000001
88060,0.000001
88080,0.000001
88100,0.000002
88120,0.000001
88140,0.000001
88160,0.000827
88180,0.000001
88200,0.000001
88220,0.000001
88240,0.000001
88260,0.000826
88280,0.000826
88300,0.000001
88320,0.000001
88340,0.000826
88360,0.000001
88380,0.000001
88400,0.000001
88420,0.000001
88440,0.000826
88460,0.000914
88480,0.000001
88500,0.000001
88520,0.000001
88540,0.000001
88560,0.000001
88580,0.000002
88600,0.000001
88620,0.000001
88640,0.000001
88660,0.000827
88680,0.000002
88700,0.000827
88720,0.000001
88740,0.000001
88760,0.000826
88780,0.000001
88800,0.000001
88820,0.000001
88840,0.000826
88860,0.000826
88880,0.000826
88900,0.000001
88920,0.000826
88940,0.000001
88960,0.000002
88980,0.000023
89000,0.000826
89020,0.000001
89040,0.000001
89060,0.000001
89080,0.000827
89100,0.000001
89120,0.000001
89140,0.000826
89160,0.000001
89180,0.000001
89200,0.000831
89220,0.000001
89240,0.000827
89260,0.000001
89280,0.000001
89300,0.000831
89320,0.000002
89340,0.000001
89360,0.000826
89380,0.000001
89400,0.000001
89420,0.000001
89440,0.000002
89460,0.000826
89480,0.000001
89500,0.000002
89520,0.000001
89540,0.000826
89560,0.000826
89580,0.000001
89600,0.000826
89620,0.000826
89640,0.000819
89660,0.000001
89680,0.000002
89700,0.000001
89720,0.000893
89740,0.000827
89760,0.000827
89780,0.000001
89800,0.000001
89820,0.000001
89840,0.943867
89860,0.000001
89880,0.000827
89900,0.000001
89920,0.000827
89940,0.000001
89960,0.000001
89980,0.000001
90000,0.000001
90020,0.000827
90040,0.001288
90060,0.000001
90080,0.000001
90100,0.000827
90120,0.000001
90140,0.000001
90160,0.000001
90180,0.000827
90200,0.000001
90220,0.000001
90240,0.000002
90260,0.000002
90280,0.000827
90300,0.000826
90320,0.000001
90340,0.000001
90360,0.000826
90380,0.000001
90400,0.000826
90420,0.000001
90440,0.000001
90460,0.000826
90480,0.000001
90500,0.000001
90520,0.001291
90540,0.000001
90560,0.000827
90580,0.000001
90600,0.000001
90620,0.000002
90640,0.000002
90660,0.000001
90680,0.000827
90700,0.000893
90720,0.000001
90740,0.000001
90760,0.000827
90780,0.000001
90800,0.000001
90820,0.000826
90840,0.000001
90860,0.000001
90880,0.000001
90900,0.000827
90920,0.000001
90940,0.000001
90960,0.000827
90980,0.000001
91000,0.000001
91020,0.000826
91040,0.000826
91060,0.000002
91080,0.000001
91100,0.000001
91120,0.000001
91140,0.000001
91160,0.000001
91180,0.000002
91200,0.000827
91220,0.000001
91240,0.000001
91260,0.000827
91280,0.000001
91300,0.000827
91320,0.000023
91340,0.000827
91360,0.000001
91380,0.000001
91400,0.000001
91420,0.000001
91440,0.000827
91460,0.000001
91480,0.000002
91500,0.000001
91520,0.000001
91540,0.000827
91560,0.000001
91580,0.000001
91600,0.000001
91620,0.000827
91640,0.000001
91660,0.000001
91680,0.000001
91700,0.000001
91720,0.000091
91740,0.000001
91760,0.000001
91780,0.000001
91800,0.000001
91820,0.000023
91840,0.000827
91860,0.000828
91880,0.000001
91900,0.000001
91920,0.000001
91940,0.000001
91960,0.000022
91980,0.001285
92000,0.000001
92020,0.000827
92040,0.000001
92060,0.000001
92080,0.000002
92100,0.000827
92120,0.000002
92140,0.000827
92160,0.000001
92180,0.000827
92200,0.000092
92220,0.000001
92240,0.000001
92260,0.000001
92280,0.000827
92300,0.000001
92320,0.000827
92340,0.000001
92360,0.000001
92380,0.000001
92400,0.000001
92420,0.001284
92440,0.000001
92460,0.000826
92480,0.000826
92500,0.000001
92520,0.000827
92540,0.001283
92560,0.000001
92580,0.000001
92600,0.000001
92620,0.000827
92640,0.000001
92660,0.000001
92680,0.000001
92700,0.000001
92720,0.000827
92740,0.000001
92760,0.000002
92780,0.000001
92800,0.000001
92820,0.000827
92840,0.000001
92860,0.000001
92880,0.000891
92900,0.000002
92920,0.000827
92940,0.000827
92960,0.000001
92980,0.000001
93000,0.000001
93020,0.000000
93040,0.000827
93060,0.000001
93080,0.000001
93100,0.001284
93120,0.000001
93140,0.000827
93160,0.000001
93180,0.000001
93200,0.000828
93220,0.000001
93240,0.000001
93260,0.000001
93280,0.000828
93300,0.000001
93320,0.000001
93340,0.000001
93360,0.000827
93380,0.000827
93400,0.000827
93420,0.000001
93440,0.000001
93460,0.000001
93480,0.000001
93500,0.000001
93520,0.000001
93540,0.000827
93560,0.000001
93580,0.000022
93600,0.000001
93620,0.000001
93640,0.000001
93660,0.000827
93680,0.000827
93700,0.000001
93720,0.000912
93740,0.000001
93760,0.000001
93780,0.000001
93800,0.000001
93820,0.000001
93840,0.000001
93860,0.000001
93880,0.000001
93900,0.000001
93920,0.000913
93940,0.000001
93960,0.000001
93980,0.000001
94000,0.000001
94020,0.000001
94040,0.000001
94060,0.000892
94080,0.000001
94100,0.000832
94120,0.000001
94140,0.000832
94160,0.000001
94180,0.000827
94200,0.000001
94220,0.000001
94240,0.000001
94260,0.000001
94280,0.000001
94300,0.000827
94320,0.000001
94340,0.000001
94360,0.000001
94380,0.000827
94400,0.000001
94420,0.000827
94440,0.000826
94460,0.000001
94480,0.000001
94500,0.000001
94520,0.000001
94540,0.000001
94560,0.000001
94580,0.000001
94600,0.000891
94620,0.000000
94640,0.000001
94660,0.000001
94680,0.000827
94700,0.000001
94720,0.000001
94740,0.000001
94760,0.000827
94780,0.000001
94800,0.000001
94820,0.000827
94840,0.000001
94860,0.000827
94880,0.000000
94900,0.000001
94920,0.000001
94940,0.000001
94960,0.000001
94980,0.000001
95000,0.943878
95020,0.000001
95040,0.000000
95060,0.000828
95080,0.000001
95100,0.000001
95120,0.000827
95140,0.000001
95160,0.000001
95180,0.000828
95200,0.000001
95220,0.000001
95240,0.000828
95260,0.000001
95280,0.000001
95300,0.000022
95320,0.000001
95340,0.000001
95360,0.000828
95380,0.000001
95400,0.000001
95420,0.000001
95440,0.000090
95460,0.000828
95480,0.000828
95500,0.000827
95520,0.000828
95540,0.000001
95560,0.000001
95580,0.000001
95600,0.000001
95620,0.000828
95640,0.000828
95660,0.000001
95680,0.000001
95700,0.000001
95720,0.000001
95740,0.000001
95760,0.000001
95780,0.000001
95800,0.000001
95820,0.000001
95840,0.000001
95860,0.000001
95880,0.000001
95900,0.943865
95920,0.000001
95940,0.000001
95960,0.000001
95980,0.000827
96000,0.000001
96020,0.000001
96040,0.000827
96060,0.000001
96080,0.000828
96100,0.000021
96120,0.000828
96140,0.000002
96160,0.000827
96180,0.000001
96200,0.000001
96220,0.000001
96240,0.000001
96260,0.000828
96280,0.000001
96300,0.000001
96320,0.000827
96340,0.000001
96360,0.000827
96380,0.000001
96400,0.943854
96420,0.000001
96440,0.000827
96460,0.000828
96480,0.000001
96500,0.000001
96520,0.000001
96540,0.000827
96560,0.000001
96580,0.000001
96600,0.000001
96620,0.000001
96640,0.000001
96660,0.000001
96680,0.000001
96700,0.000001
96720,0.000001
96740,0.000001
96760,0.000828
96780,0.000832
96800,0.000001
96820,0.000001
96840,0.000001
96860,0.000001
96880,0.000001
96900,0.000001
96920,0.000828
96940,0.000001
96960,0.000832
96980,0.000001
97000,0.000001
97020,0.000001
97040,0.000001
97060,0.000021
97080,0.000828
97100,0.000828
97120,0.000001
97140,0.000001
97160,0.000001
97180,0.001275
97200,0.000001
97220,0.000001
97240,0.000911
97260,0.000001
97280,0.000001
97300,0.000828
97320,0.000828
97340,0.000001
97360,0.000001
97380,0.000001
97400,0.000001
97420,0.000828
97440,0.000001
97460,0.000001
97480,0.000000
97500,0.000890
97520,0.000001
97540,0.000001
97560,0.000001
97580,0.000001
97600,0.000827
97620,0.000001
97640,0.000088
97660,0.000001
97680,0.000828
97700,0.000828
97720,0.000001
97740,0.000001
97760,0.000001
97780,0.000086
97800,0.000001
97820,0.000828
97840,0.000001
97860,0.000001
97880,0.000001
97900,0.000001
97920,0.000001
97940,0.000828
97960,0.000001
97980,0.000001
98000,0.000828
98020,0.000828
98040,0.000001
98060,0.000001
98080,0.000828
98100,0.000832
98120,0.000001
98140,0.000828
98160,0.000828
98180,0.000828
98200,0.000828
98220,0.000832
98240,0.000828
98260,0.000001
98280,0.000001
98300,0.000828
98320,0.000001
98340,0.000001
98360,0.000828
98380,0.000001
98400,0.000828
98420,0.000828
98440,0.000001
98460,0.000001
98480,0.000828
98500,0.000001
98520,0.000001
98540,0.000001
98560,0.000001
98580,0.000002
98600,0.000829
98620,0.000829
98640,0.000088
98660,0.000828
98680,0.000001
98700,0.000827
98720,0.000001
98740,0.000001
98760,0.000001
98780,0.000001
98800,0.000001
98820,0.000828
98840,0.000001
98860,0.000828
98880,0.000001
98900,0.000001
98920,0.000001
98940,0.000828
98960,0.000828
98980,0.000001
99000,0.001271
99020,0.000001
99040,0.000001
99060,0.000001
99080,0.000001
99100,0.000001
99120,0.000001
99140,0.000000
99160,0.000001
99180,0.000001
99200,0.000890
99220,0.000001
99240,0.000820
99260,0.000001
99280,0.000001
99300,0.001269
99320,0.000828
99340,0.000829
99360,0.000001
99380,0.000910
99400,0.000001
99420,0.000827
99440,0.000001
99460,0.000001
99480,0.000001
99500,0.000827
99520,0.000001
99540,0.000828
99560,0.000001
99580,0.000001
99600,0.001266
99620,0.000001
99640,0.000001
99660,0.000001
99680,0.000001
99700,0.000001
99720,0.000001
99740,0.000001
99760,0.000001
99780,0.000001
99800,0.000828
99820,0.000828
99840,0.000001
99860,0.000001
99880,0.000828
99900,0.000001
99920,0.000828
99940,0.000001
99960,0.000001
99980,0.000828
100000,0.000001
100020,0.000084
100040,0.000828
100060,0.000001
100080,0.000829
100100,0.000829
100120,0.000001
100140,0.000828
100160,0.000001
100180,0.000001
100200,0.000001
100220,0.000001
100240,0.000001
100260,0.000001
100280,0.000828
100300,0.000828
100320,0.000001
100340,0.000001
100360,0.000828
100380,0.000001
100400,0.000828
100420,0.000001
100440,0.000001
100460,0.000001
100480,0.000001
100500,0.000828
100520,0.000001
100540,0.000001
100560,0.000001
100580,0.000828
100600,0.000001
100620,0.000832
100640,0.000828
100660,0.000890
100680,0.000001
100700,0.000828
100720,0.000828
100740,0.000001
100760,0.000001
100780,0.000001
100800,0.000829
100820,0.000829
100840,0.000001
100860,0.000001
100880,0.000001
100900,0.000001
100920,0.000001
100940,0.000828
100960,0.000001
100980,0.000828
101000,0.000001
101020,0.000001
101040,0.000828
101060,0.000890
101080,0.000001
101100,0.000001
101120,0.000829
101140,0.000829
101160,0.000828
101180,0.000828
101200,0.000829
101220,0.000001
101240,0.000001
101260,0.000828
101280,0.000001
101300,0.000001
101320,0.000829
101340,0.000001
101360,0.000828
101380,0.000001
101400,0.000001
101420,0.000001
101440,0.000829
101460,0.000828
101480,0.000001
101500,0.000001
101520,0.000001
101540,0.000829
101560,0.943816
101580,0.000829
101600,0.000828
101620,0.000828
101640,0.000001
101660,0.000828
101680,0.000001
101700,0.000828
101720,0.000001
101740,0.000828
101760,0.000020
101780,0.000001
101800,0.000001
101820,0.000001
101840,0.000828
101860,0.000001
101880,0.000001
101900,0.000828
101920,0.000001
101940,0.000828
101960,0.943828
101980,0.000001
102000,0.000829
102020,0.000001
102040,0.000829
102060,0.000001
102080,0.000001
102100,0.000001
102120,0.000829
102140,0.000001
102160,0.000001
102180,0.000001
102200,0.000829
102220,0.000001
102240,0.000001
102260,0.000829
102280,0.000830
102300,0.000001
102320,0.000001
102340,0.000001
102360,0.000001
102380,0.000828
102400,0.000001
102420,0.000828
102440,0.000001
102460,0.000829
102480,0.000829
102500,0.000001
102520,0.000829
102540,0.000001
102560,0.000829
102580,0.000001
102600,0.000829
102620,0.000829
102640,0.000001
102660,0.000821
102680,0.000829
102700,0.000001
102720,0.000829
102740,0.000001
102760,0.000001
102780,0.000001
102800,0.000001
102820,0.000001
102840,0.000829
102860,0.000829
102880,0.000001
102900,0.000829
102920,0.000001
102940,0.000001
102960,0.000001
102980,0.000001
103000,0.000001
103020,0.000001
103040,0.000829
103060,0.000829
103080,0.000001
103100,0.000001
103120,0.000002
103140,0.000001
103160,0.000001
103180,0.000001
103200,0.000001
103220,0.000001
103240,0.000001
103260,0.000001
103280,0.000001
103300,0.000001
103320,0.000001
103340,0.000001
103360,0.000829
103380,0.000001
103400,0.000001
103420,0.000001
103440,0.000829
103460,0.000001
103480,0.000829
103500,0.000001
103520,0.000001
103540,0.000001
103560,0.000829
103580,0.000001
103600,0.000001
103620,0.000829
103640,0.000001
103660,0.000001
103680,0.000828
103700,0.943822
103720,0.000001
103740,0.000829
103760,0.000001
103780,0.000829
103800,0.000833
103820,0.000001
103840,0.000829
103860,0.000001
103880,0.000829
103900,0.000001
103920,0.000001
103940,0.000020
103960,0.000828
103980,0.000001
104000,0.000829
104020,0.000829
104040,0.000001
104060,0.000001
104080,0.000001
104100,0.000829
104120,0.000829
104140,0.000829
104160,0.000829
104180,0.000001
104200,0.000829
104220,0.000829
104240,0.000001
104260,0.000020
104280,0.000000
104300,0.000001
104320,0.000001
104340,0.000001
104360,0.000001
104380,0.000001
104400,0.000829
104420,0.000001
104440,0.000001
104460,0.000001
104480,0.000909
104500,0.000829
104520,0.000001
104540,0.000001
104560,0.000001
104580,0.000001
104600,0.000829
104620,0.000829
104640,0.000829
104660,0.000001
104680,0.000001
104700,0.000829
104720,0.000830
104740,0.000001
104760,0.000829
104780,0.000001
104800,0.000829
104820,0.000001
104840,0.000828
104860,0.000001
104880,0.000001
104900,0.000828
104920,0.943822
104940,0.000828
104960,0.000828
104980,0.000001
105000,0.000001
105020,0.000001
105040,0.000001
105060,0.000001
105080,0.000001
105100,0.000001
105120,0.000001
105140,0.000001
105160,0.000001
105180,0.000001
105200,0.000001
105220,0.000001
105240,0.000833
105260,0.000001
105280,0.000001
105300,0.000001
105320,0.000829
105340,0.000829
105360,0.000001
105380,0.000001
105400,0.000829
105420,0.000829
105440,0.000001
105460,0.000001
105480,0.000829
105500,0.000001
105520,0.000001
105540,0.000001
105560,0.000001
105580,0.000001
105600,0.000001
105620,0.000829
105640,0.000001
105660,0.000829
105680,0.000001
105700,0.000830
105720,0.000001
105740,0.000001
105760,0.000829
105780,0.000001
105800,0.000001
105820,0.000084
105840,0.000001
105860,0.000829
105880,0.000001
105900,0.000829
105920,0.000829
105940,0.000001
105960,0.000000
105980,0.000001
106000,0.000001
106020,0.000829
106040,0.000829
106060,0.000001
106080,0.000829
106100,0.000001
106120,0.000001
106140,0.000829
106160,0.000001
106180,0.000829
106200,0.000829
106220,0.000001
106240,0.000001
106260,0.000001
106280,0.000000
106300,0.000829
106320,0.000829
106340,0.000829
106360,0.000001
106380,0.000830
106400,0.000001
106420,0.000002
106440,0.000829
106460,0.000001
106480,0.000001
106500,0.000001
106520,0.000001
106540,0.000829
106560,0.000001
106580,0.000001
106600,0.000828
106620,0.000829
106640,0.000001
106660,0.000001
106680,0.000829
106700,0.000001
106720,0.000829
106740,0.000001
106760,0.000001
106780,0.000001
106800,0.000001
106820,0.000001
106840,0.000001
106860,0.000001
106880,0.000830
106900,0.000001
106920,0.000001
106940,0.000001
106960,0.000001
106980,0.000829
107000,0.000829
107020,0.000001
107040,0.000001
107060,0.000833
107080,0.000001
107100,0.000001
107120,0.000001
107140,0.000829
107160,0.000833
107180,0.000080
107200,0.000082
107220,0.000829
107240,0.000001
107260,0.000001
107280,0.000829
107300,0.000001
107320,0.000001
107340,0.000001
107360,0.000829
107380,0.000001
107400,0.000829
107420,0.000001
107440,0.000001
107460,0.000001
107480,0.000830
107500,0.000001
107520,0.000001
107540,0.000001
107560,0.000001
107580,0.000001
107600,0.000830
107620,0.000829
107640,0.000001
107660,0.000019
107680,0.000001
107700,0.000829
107720,0.000001
107740,0.000000
107760,0.000829
107780,0.000001
107800,0.000001
107820,0.000909
107840,0.000001
107860,0.000829
107880,0.000001
107900,0.000001
107920,0.000829
107940,0.000888
107960,0.000001
107980,0.000001
108000,0.000001
108020,0.000001
108040,0.000001
108060,0.000829
108080,0.000001
108100,0.000001
108120,0.000001
108140,0.000001
108160,0.000001
108180,0.000001
108200,0.000001
108220,0.000001
108240,0.000001
108260,0.000001
108280,0.000829
108300,0.000829
108320,0.000001
108340,0.943780
108360,0.000830
108380,0.000001
108400,0.000001
108420,0.000830
108440,0.000001
108460,0.000001
108480,0.000001
108500,0.000001
108520,0.000830
108540,0.000001
108560,0.000001
108580,0.000829
108600,0.000001
108620,0.000001
108640,0.000001
108660,0.000829
108680,0.000001
108700,0.000002
108720,0.000001
108740,0.000001
108760,0.000001
108780,0.000001
108800,0.000001
108820,0.000019
108840,0.000001
108860,0.000001
108880,0.000829
108900,0.000829
108920,0.000001
108940,0.000001
108960,0.000001
108980,0.000001
109000,0.000001
109020,0.000001
109040,0.000001
109060,0.000001
109080,0.000830
109100,0.000001
109120,0.000830
109140,0.000829
109160,0.000079
109180,0.000888
109200,0.000001
109220,0.000001
109240,0.000829
109260,0.000001
109280,0.000001
109300,0.000001
109320,0.000001
109340,0.000829
109360,0.000002
109380,0.000888
109400,0.000001
109420,0.000001
109440,0.000001
109460,0.000001
109480,0.000001
109500,0.000830
109520,0.000830
109540,0.000830
109560,0.000001
109580,0.000830
109600,0.000830
109620,0.000001
109640,0.000830
109660,0.000001
109680,0.000830
109700,0.000830
109720,0.943748
109740,0.000001
109760,0.000001
109780,0.000830
109800,0.000830
109820,0.000001
109840,0.000001
109860,0.000001
109880,0.000830
109900,0.000831
109920,0.000001
109940,0.000830
109960,0.000001
109980,0.000830
110000,0.000001
110020,0.000001
110040,0.000001
110060,0.000001
110080,0.000001
110100,0.000830
110120,0.000001
110140,0.000829
110160,0.000829
110180,0.000829
110200,0.000830
110220,0.000001
110240,0.000001
110260,0.000829
110280,0.000829
110300,0.000001
110320,0.000829
110340,0.000829
110360,0.000001
110380,0.000829
110400,0.000002
110420,0.000001
110440,0.000001
110460,0.000830
110480,0.000830
110500,0.000001
110520,0.000001
110540,0.000830
110560,0.000001
110580,0.000830
110600,0.000001
110620,0.000001
110640,0.000001
110660,0.000830
110680,0.000830
110700,0.000001
110720,0.000829
110740,0.000001
110760,0.000001
110780,0.000829
110800,0.000001
110820,0.000829
110840,0.000001
110860,0.000001
110880,0.000001
110900,0.000000
110920,0.000830
110940,0.000001
110960,0.000830
110980,0.000000
111000,0.000001
111020,0.000001
111040,0.000001
111060,0.000001
111080,0.000001
111100,0.000830
111120,0.000830
111140,0.000001
111160,0.000888
111180,0.000830
111200,0.000830
111220,0.000001
111240,0.000001
111260,0.000001
111280,0.000001
111300,0.000001
111320,0.000830
111340,0.000001
111360,0.000001
111380,0.000001
111400,0.000834
111420,0.000001
111440,0.000001
111460,0.000907
111480,0.000001
111500,0.000830
111520,0.000001
111540,0.000830
111560,0.000001
111580,0.000888
111600,0.000001
111620,0.000830
111640,0.000001
111660,0.000830
111680,0.000888
111700,0.000001
111720,0.000830
111740,0.000001
111760,0.000830
111780,0.000001
111800,0.000000
111820,0.000830
111840,0.000001
111860,0.000001
111880,0.000001
111900,0.000001
111920,0.000830
111940,0.000001
111960,0.000001
111980,0.000000
112000,0.000000
112020,0.000830
112040,0.000830
112060,0.000830
112080,0.000001
112100,0.000001
112120,0.000830
112140,0.000001
112160,0.000830
112180,0.000001
112200,0.000830
112220,0.000001
112240,0.000829
112260,0.000001
112280,0.000001
112300,0.000001
112320,0.000001
112340,0.000001
112360,0.000001
112380,0.000001
112400,0.000001
112420,0.000001
112440,0.000906
112460,0.000830
112480,0.000001
112500,0.000001
112520,0.000830
112540,0.000001
112560,0.000001
112580,0.000829
112600,0.000829
112620,0.000001
112640,0.000001
112660,0.000830
112680,0.000906
112700,0.943788
112720,0.000079
112740,0.000830
112760,0.000001
112780,0.000829
112800,0.000001
112820,0.000830
112840,0.000830
112860,0.000830
112880,0.000001
112900,0.000001
112920,0.000830
112940,0.000830
112960,0.000001
112980,0.000001
113000,0.000001
113020,0.000000
113040,0.943765
113060,0.000001
113080,0.000001
113100,0.000830
113120,0.000001
113140,0.000001
113160,0.000831
113180,0.000018
113200,0.000831
113220,0.000001
113240,0.000001
113260,0.000001
113280,0.000831
113300,0.000001
113320,0.000001
113340,0.000830
113360,0.000001
113380,0.000001
113400,0.000001
113420,0.000001
113440,0.000001
113460,0.000001
113480,0.000830
113500,0.000001
113520,0.000001
113540,0.000001
113560,0.000830
113580,0.000001
113600,0.000001
113620,0.000000
113640,0.000830
113660,0.000000
113680,0.000001
113700,0.000001
113720,0.000001
113740,0.000834
113760,0.000830
113780,0.000001
113800,0.000001
113820,0.000000
113840,0.000076
113860,0.000078
113880,0.000001
113900,0.000830
113920,0.000001
113940,0.000830
113960,0.000830
113980,0.000831
114000,0.000830
114020,0.000001
114040,0.000830
114060,0.000001
114080,0.000001
114100,0.000834
114120,0.000001
114140,0.000000
114160,0.000830
114180,0.000001
114200,0.000001
114220,0.000001
114240,0.000001
114260,0.000001
114280,0.000001
114300,0.000001
114320,0.000001
114340,0.000078
114360,0.000001
114380,0.000001
114400,0.000830
114420,0.000830
114440,0.000001
114460,0.000001
114480,0.000830
114500,0.000019
114520,0.000001
114540,0.000000
114560,0.000001
114580,0.000830
114600,0.000001
114620,0.000001
114640,0.000001
114660,0.000001
114680,0.000001
114700,0.000830
114720,0.000000
114740,0.000001
114760,0.000831
114780,0.000001
114800,0.000001
114820,0.000001
114840,0.000001
114860,0.000830
114880,0.000830
114900,0.000001
114920,0.000001
114940,0.000001
114960,0.000001
114980,0.000001
115000,0.000001
115020,0.000830
115040,0.000830
115060,0.000001
115080,0.000001
115100,0.000001
115120,0.000001
115140,0.000830
115160,0.000001
115180,0.000001
115200,0.943766
115220,0.000001
115240,0.000001
115260,0.000001
115280,0.000000
115300,0.000830
115320,0.000001
115340,0.000001
115360,0.000830
115380,0.000001
115400,0.000001
115420,0.000001
115440,0.000001
115460,0.000001
115480,0.000830
115500,0.000001
115520,0.000830
115540,0.000830
115560,0.000001
115580,0.000001
115600,0.000001
115620,0.000001
115640,0.000830
115660,0.000830
115680,0.000001
115700,0.000831
115720,0.000000
115740,0.000018
115760,0.000001
115780,0.000001
115800,0.000831
115820,0.000001
115840,0.000831
115860,0.000001
115880,0.000001
115900,0.943745
115920,0.000001
115940,0.000831
115960,0.000831
115980,0.000001
116000,0.000830
116020,0.000830
116040,0.000830
116060,0.000000
116080,0.000001
116100,0.000831
116120,0.000001
116140,0.000001
116160,0.000830
116180,0.000000
116200,0.000830
116220,0.000830
116240,0.000000
116260,0.000831
116280,0.000000
116300,0.000001
116320,0.000000
116340,0.000001
116360,0.000830
116380,0.000000
116400,0.000000
116420,0.000001
116440,0.000000
116460,0.000887
116480,0.000001
116500,0.000001
116520,0.000000
116540,0.000000
116560,0.000000
116580,0.000000
116600,0.000888
116620,0.000831
116640,0.000831
116660,0.000831
116680,0.000000
116700,0.000000
116720,0.000831
116740,0.000000
116760,0.000000
116780,0.000001
116800,0.000001
116820,0.000831
116840,0.000001
116860,0.000831
116880,0.000831
116900,0.000001
116920,0.000831
116940,0.000001
116960,0.000830
116980,0.000001
117000,0.000076
117020,0.000830
117040,0.000000
117060,0.000000
117080,0.000001
117100,0.000001
117120,0.000001
117140,0.000001
117160,0.000001
117180,0.000905
117200,0.000830
117220,0.000000
117240,0.000831
117260,0.000831
117280,0.000001
117300,0.000834
117320,0.000000
117340,0.000000
117360,0.000001
117380,0.000831
117400,0.000000
117420,0.000830
117440,0.000830
117460,0.000001
117480,0.000831
117500,0.000001
117520,0.000001
117540,0.000000
117560,0.000830
117580,0.000001
117600,0.000001
117620,0.000001
117640,0.000001
117660,0.000831
117680,0.000001
117700,0.000001
117720,0.000831
117740,0.000831
117760,0.000000
117780,0.000000
117800,0.000000
117820,0.000001
117840,0.000000
117860,0.000001
117880,0.000000
117900,0.000000
117920,0.000830
117940,0.000001
117960,0.000831
117980,0.000000
118000,0.000831
118020,0.000001
118040,0.000831
118060,0.000000
118080,0.000831
118100,0.000001
118120,0.000000
118140,0.000001
118160,0.000001
118180,0.000000
118200,0.000001
118220,0.000001
118240,0.000001
118260,0.000831
118280,0.000000
118300,0.000001
118320,0.000830
118340,0.000830
118360,0.000001
118380,0.000001
118400,0.000831
118420,0.000830
118440,0.000830
118460,0.000830
118480,0.000831
118500,0.000000
118520,0.000001
118540,0.000000
118560,0.000001
118580,0.000000
118600,0.000001
118620,0.000000
118640,0.000830
118660,0.000831
118680,0.000830
118700,0.000000
118720,0.000001
118740,0.000000
118760,0.000018
118780,0.000001
118800,0.000831
118820,0.000000
118840,0.000831
118860,0.000831
118880,0.000000
118900,0.000831
118920,0.001216
118940,0.000001
118960,0.000001
118980,0.000000
119000,0.000831
119020,0.000000
119040,0.000000
119060,0.000000
119080,0.000000
119100,0.000001
119120,0.000001
119140,0.000001
119160,0.000000
119180,0.000001
119200,0.000000
119220,0.000001
119240,0.000001
119260,0.000831
119280,0.000831
119300,0.943715
119320,0.000001
119340,0.000000
119360,0.000001
119380,0.000001
119400,0.000001
119420,0.000001
119440,0.000831
119460,0.000831
119480,0.000001
119500,0.000000
119520,0.000000
119540,0.000831
119560,0.000001
119580,0.000831
119600,0.000000
119620,0.000001
119640,0.000001
119660,0.000831
119680,0.000000
119700,0.000001
119720,0.000830
119740,0.000830
119760,0.000830
119780,0.000000
119800,0.000830
119820,0.000000
119840,0.000830
119860,0.000831
119880,0.000000
119900,0.000001
119920,0.000001
119940,0.000001
119960,0.000000
119980,0.000000
0,0.000830
