./perceptron -c 4 7 3 --with-bias -e100000 --log-learning ../data/iris473_100000 
0,0.359855
20,0.009666
40,0.034998
60,0.001233
80,0.004409
100,0.003535
120,0.006578
140,0.002184
160,0.012748
180,0.000331
200,0.003018
220,0.003287
240,0.004957
260,0.000384
280,0.000145
300,0.003124
320,0.002259
340,0.003354
360,0.001982
380,0.002399
400,0.001283
420,0.001703
440,0.000086
460,0.000112
480,0.001214
500,0.000080
520,0.001954
540,0.000994
560,0.000782
580,0.000985
600,0.002231
620,0.002052
640,0.000118
660,0.001624
680,0.000082
700,0.001410
720,0.001344
740,0.000097
760,0.000082
780,0.002564
800,0.002546
820,0.000080
840,0.000199
860,0.000187
880,0.001022
900,0.001033
920,0.001076
940,0.001045
960,0.000053
980,0.001033
1000,0.000118
1020,0.000116
1040,0.000132
1060,0.000103
1080,0.000107
1100,0.001036
1120,0.000066
1140,0.000048
1160,0.000051
1180,0.001139
1200,0.000083
1220,0.000046
1240,0.000065
1260,0.000999
1280,0.000823
1300,0.000047
1320,0.000072
1340,0.000057
1360,0.000048
1380,0.000050
1400,0.001193
1420,0.919284
1440,0.000045
1460,0.000045
1480,0.000040
1500,0.000039
1520,0.002509
1540,0.000043
1560,0.000600
1580,0.004942
1600,0.000049
1620,0.001158
1640,0.000777
1660,0.000038
1680,0.000025
1700,0.000023
1720,0.000637
1740,0.000049
1760,0.000053
1780,0.000050
1800,0.000020
1820,0.000019
1840,0.002620
1860,0.000052
1880,0.000396
1900,0.000026
1920,0.002876
1940,0.000070
1960,0.000054
1980,0.000018
2000,0.000014
2020,0.000086
2040,0.000474
2060,0.000348
2080,0.001107
2100,0.000015
2120,0.005953
2140,0.000293
2160,0.003135
2180,0.000050
2200,0.000039
2220,0.000012
2240,0.000388
2260,0.000046
2280,0.000686
2300,0.014243
2320,0.000011
2340,0.000040
2360,0.000043
2380,0.000032
2400,0.000010
2420,0.000250
2440,0.000041
2460,0.000256
2480,0.000043
2500,0.000037
2520,0.000011
2540,0.000035
2560,0.000010
2580,0.000210
2600,0.000009
2620,0.000009
2640,0.000009
2660,0.000538
2680,0.000009
2700,0.000035
2720,0.000009
2740,0.000035
2760,0.000032
2780,0.000219
2800,0.000055
2820,0.000192
2840,0.002031
2860,0.000039
2880,0.000163
2900,0.000033
2920,0.105825
2940,0.000008
2960,0.001482
2980,0.000051
3000,0.000183
3020,0.000011
3040,0.000008
3060,0.000190
3080,0.000035
3100,0.000029
3120,0.000033
3140,0.000008
3160,0.000010
3180,0.000008
3200,0.000156
3220,0.000245
3240,0.000009
3260,0.000031
3280,0.000171
3300,0.000030
3320,0.000023
3340,0.000030
3360,0.000029
3380,0.000205
3400,0.000033
3420,0.000007
3440,0.000166
3460,0.000065
3480,0.000200
3500,0.000024
3520,0.000007
3540,0.000011
3560,0.000007
3580,0.000020
3600,0.000019
3620,0.000007
3640,0.000138
3660,0.000029
3680,0.092730
3700,0.000142
3720,0.000006
3740,0.000026
3760,0.000033
3780,0.000171
3800,0.000987
3820,0.000212
3840,0.000254
3860,0.000216
3880,0.000056
3900,0.000051
3920,0.000025
3940,0.000242
3960,0.000007
3980,0.000067
4000,0.000081
4020,0.000022
4040,0.000049
4060,0.000355
4080,0.000586
4100,0.000017
4120,0.000260
4140,0.000314
4160,0.000022
4180,0.000016
4200,0.000214
4220,0.000005
4240,0.000005
4260,0.000246
4280,0.000006
4300,0.130991
4320,0.000031
4340,0.000319
4360,0.000005
4380,0.000058
4400,0.000008
4420,0.000668
4440,0.000070
4460,0.000427
4480,0.000007
4500,0.000379
4520,0.001187
4540,0.000006
4560,0.000051
4580,0.000008
4600,0.000096
4620,0.000275
4640,0.000107
4660,0.000253
4680,0.000040
4700,0.000043
4720,0.000228
4740,0.000044
4760,0.000009
4780,0.000005
4800,0.000034
4820,0.000033
4840,0.000005
4860,0.000035
4880,0.000203
4900,0.000032
4920,0.000036
4940,0.000042
4960,0.000031
4980,0.000030
5000,0.000008
5020,0.000035
5040,0.005437
5060,0.000138
5080,0.000136
5100,0.000027
5120,0.000028
5140,0.000027
5160,0.000126
5180,0.000025
5200,0.000121
5220,0.000028
5240,0.000117
5260,0.000024
5280,0.000030
5300,0.000012
5320,0.000025
5340,0.000004
5360,0.000005
5380,0.000005
5400,0.000005
5420,0.000023
5440,0.000100
5460,0.000668
5480,0.000023
5500,0.000096
5520,0.003406
5540,0.000094
5560,0.000021
5580,0.000004
5600,0.000090
5620,0.000020
5640,0.000021
5660,0.000020
5680,0.000029
5700,0.000023
5720,0.000084
5740,0.000083
5760,0.000082
5780,0.000191
5800,0.000081
5820,0.000019
5840,0.000079
5860,0.000009
5880,0.000009
5900,0.000076
5920,0.000018
5940,0.000075
5960,0.000023
5980,0.000022
6000,0.000007
6020,0.000020
6040,0.000023
6060,0.000071
6080,0.000070
6100,0.000018
6120,0.000017
6140,0.000004
6160,0.000183
6180,0.000067
6200,0.000005
6220,0.000003
6240,0.000130
6260,0.000065
6280,0.000016
6300,0.000064
6320,0.000016
6340,0.000005
6360,0.000062
6380,0.000016
6400,0.000177
6420,0.000003
6440,0.000061
6460,0.000003
6480,0.000003
6500,0.000059
6520,0.000023
6540,0.000058
6560,0.000166
6580,0.000004
6600,0.000015
6620,0.000015
6640,0.000004
6660,0.000002
6680,0.000017
6700,0.000015
6720,0.000111
6740,0.000054
6760,0.000625
6780,0.000007
6800,0.000004
6820,0.000005
6840,0.000015
6860,0.000049
6880,0.000052
6900,0.000003
6920,0.000051
6940,0.000014
6960,0.000051
6980,0.000015
7000,0.000050
7020,0.000004
7040,0.000004
7060,0.000013
7080,0.000014
7100,0.000049
7120,0.000050
7140,0.000007
7160,0.000007
7180,0.000014
7200,0.000014
7220,0.000004
7240,0.000007
7260,0.000016
7280,0.000046
7300,0.000003
7320,0.000003
7340,0.000013
7360,0.000045
7380,0.000003
7400,0.000012
7420,0.000003
7440,0.000004
7460,0.000014
7480,0.000012
7500,0.000004
7520,0.000004
7540,0.000004
7560,0.000043
7580,0.000043
7600,0.000042
7620,0.000012
7640,0.000042
7660,0.000042
7680,0.000042
7700,0.000012
7720,0.000012
7740,0.000003
7760,0.000079
7780,0.000011
7800,0.000003
7820,0.000017
7840,0.000011
7860,0.000040
7880,0.000040
7900,0.000041
7920,0.000542
7940,0.000075
7960,0.000003
7980,0.000005
8000,0.000011
8020,0.000011
8040,0.000012
8060,0.000011
8080,0.000047
8100,0.000341
8120,0.000037
8140,0.000013
8160,0.000037
8180,0.000049
8200,0.000006
8220,0.000003
8240,0.000036
8260,0.000012
8280,0.000003
8300,0.000010
8320,0.000003
8340,0.000047
8360,0.000011
8380,0.000003
8400,0.000035
8420,0.000035
8440,0.000035
8460,0.000003
8480,0.000015
8500,0.000035
8520,0.000034
8540,0.000012
8560,0.000003
8580,0.000010
8600,0.000009
8620,0.000034
8640,0.000003
8660,0.000010
8680,0.000033
8700,0.000033
8720,0.000041
8740,0.000010
8760,0.000001
8780,0.000010
8800,0.000005
8820,0.000011
8840,0.000010
8860,0.000110
8880,0.000002
8900,0.000032
8920,0.000460
8940,0.000010
8960,0.000002
8980,0.000061
9000,0.000031
9020,0.000031
9040,0.000003
9060,0.000004
9080,0.000002
9100,0.000009
9120,0.000031
9140,0.000003
9160,0.000927
9180,0.000009
9200,0.000061
9220,0.000008
9240,0.000009
9260,0.000030
9280,0.000010
9300,0.000010
9320,0.000003
9340,0.000029
9360,0.000029
9380,0.000004
9400,0.000029
9420,0.000002
9440,0.000008
9460,0.000005
9480,0.000001
9500,0.000029
9520,0.000009
9540,0.000002
9560,0.000009
9580,0.000028
9600,0.000056
9620,0.000009
9640,0.000002
9660,0.000004
9680,0.000028
9700,0.000008
9720,0.000096
9740,0.000054
9760,0.000027
9780,0.000008
9800,0.000008
9820,0.000008
9840,0.000027
9860,0.000027
9880,0.000027
9900,0.000009
9920,0.000027
9940,0.000027
9960,0.000009
9980,0.000026
10000,0.000026
10020,0.000008
10040,0.000003
10060,0.000008
10080,0.000251
10100,0.000002
10120,0.000026
10140,0.000026
10160,0.000008
10180,0.000026
10200,0.000009
10220,0.000026
10240,0.000008
10260,0.000008
10280,0.000008
10300,0.000025
10320,0.000008
10340,0.000009
10360,0.000289
10380,0.000008
10400,0.000025
10420,0.000002
10440,0.000025
10460,0.000007
10480,0.000007
10500,0.000007
10520,0.000002
10540,0.000007
10560,0.000002
10580,0.000024
10600,0.000002
10620,0.000002
10640,0.000004
10660,0.000002
10680,0.000024
10700,0.000002
10720,0.000008
10740,0.000024
10760,0.000007
10780,0.000025
10800,0.000007
10820,0.000023
10840,0.000023
10860,0.000007
10880,0.000003
10900,0.000693
10920,0.000007
10940,0.000008
10960,0.000024
10980,0.000030
11000,0.000267
11020,0.000002
11040,0.000028
11060,0.000007
11080,0.000023
11100,0.000023
11120,0.000002
11140,0.000022
11160,0.000003
11180,0.000003
11200,0.000002
11220,0.000003
11240,0.000007
11260,0.000006
11280,0.000022
11300,0.000004
11320,0.000007
11340,0.000007
11360,0.000003
11380,0.000004
11400,0.000007
11420,0.000022
11440,0.000007
11460,0.000002
11480,0.000021
11500,0.000006
11520,0.000002
11540,0.000007
11560,0.000007
11580,0.000245
11600,0.000021
11620,0.000043
11640,0.000021
11660,0.000026
11680,0.000002
11700,0.000007
11720,0.000007
11740,0.000021
11760,0.000006
11780,0.000006
11800,0.000021
11820,0.000006
11840,0.000002
11860,0.000003
11880,0.000002
11900,0.000020
11920,0.000003
11940,0.000006
11960,0.000002
11980,0.000007
12000,0.000006
12020,0.000006
12040,0.000006
12060,0.000006
12080,0.000041
12100,0.000007
12120,0.000006
12140,0.000020
12160,0.000003
12180,0.000006
12200,0.000020
12220,0.000002
12240,0.000006
12260,0.000006
12280,0.000007
12300,0.000007
12320,0.000019
12340,0.000002
12360,0.000002
12380,0.000002
12400,0.000002
12420,0.000299
12440,0.000298
12460,0.000002
12480,0.000002
12500,0.000019
12520,0.000002
12540,0.000006
12560,0.000003
12580,0.000065
12600,0.000019
12620,0.000006
12640,0.000218
12660,0.000006
12680,0.000019
12700,0.000006
12720,0.000006
12740,0.000019
12760,0.000018
12780,0.000006
12800,0.000002
12820,0.000002
12840,0.000007
12860,0.000003
12880,0.000001
12900,0.000006
12920,0.000018
12940,0.000003
12960,0.000006
12980,0.000002
13000,0.000018
13020,0.000006
13040,0.000018
13060,0.000002
13080,0.000005
13100,0.000005
13120,0.000003
13140,0.000002
13160,0.000002
13180,0.000002
13200,0.000061
13220,0.000002
13240,0.000002
13260,0.000023
13280,0.000017
13300,0.000017
13320,0.000017
13340,0.000017
13360,0.000005
13380,0.000017
13400,0.000007
13420,0.000017
13440,0.000017
13460,0.000018
13480,0.000017
13500,0.000003
13520,0.000005
13540,0.000060
13560,0.000002
13580,0.000035
13600,0.000002
13620,0.000017
13640,0.000005
13660,0.000002
13680,0.000005
13700,0.000017
13720,0.000002
13740,0.000008
13760,0.000170
13780,0.000017
13800,0.000005
13820,0.000005
13840,0.000002
13860,0.000016
13880,0.000002
13900,0.000002
13920,0.000005
13940,0.000002
13960,0.000005
13980,0.000002
14000,0.000002
14020,0.000002
14040,0.000006
14060,0.000006
14080,0.000007
14100,0.000002
14120,0.000003
14140,0.000016
14160,0.000016
14180,0.000002
14200,0.000016
14220,0.000163
14240,0.000005
14260,0.000006
14280,0.000006
14300,0.000016
14320,0.000005
14340,0.000033
14360,0.000016
14380,0.000002
14400,0.000016
14420,0.000016
14440,0.000002
14460,0.000005
14480,0.000005
14500,0.000002
14520,0.000015
14540,0.000016
14560,0.000005
14580,0.000055
14600,0.000002
14620,0.000006
14640,0.000005
14660,0.000002
14680,0.000005
14700,0.000006
14720,0.000006
14740,0.000002
14760,0.000015
14780,0.000005
14800,0.000003
14820,0.000005
14840,0.000003
14860,0.000005
14880,0.000004
14900,0.000006
14920,0.000015
14940,0.000173
14960,0.000015
14980,0.000002
15000,0.000005
15020,0.000051
15040,0.000015
15060,0.000002
15080,0.000002
15100,0.000015
15120,0.000003
15140,0.000005
15160,0.000005
15180,0.000005
15200,0.000014
15220,0.000005
15240,0.000052
15260,0.000003
15280,0.000002
15300,0.000018
15320,0.000004
15340,0.000014
15360,0.000003
15380,0.000014
15400,0.000001
15420,0.000014
15440,0.000015
15460,0.000005
15480,0.000014
15500,0.000014
15520,0.000050
15540,0.000014
15560,0.000030
15580,0.000005
15600,0.000003
15620,0.000005
15640,0.000002
15660,0.000014
15680,0.000015
15700,0.000014
15720,0.000004
15740,0.000004
15760,0.000004
15780,0.000002
15800,0.000014
15820,0.000004
15840,0.000005
15860,0.000005
15880,0.000014
15900,0.000006
15920,0.000014
15940,0.000002
15960,0.000047
15980,0.000002
16000,0.000002
16020,0.000002
16040,0.000004
16060,0.000013
16080,0.000002
16100,0.000013
16120,0.000004
16140,0.000013
16160,0.000002
16180,0.000004
16200,0.000005
16220,0.000028
16240,0.000013
16260,0.000001
16280,0.000013
16300,0.000013
16320,0.000005
16340,0.000005
16360,0.000013
16380,0.000138
16400,0.000004
16420,0.000013
16440,0.000004
16460,0.000001
16480,0.000001
16500,0.000004
16520,0.000004
16540,0.000004
16560,0.000016
16580,0.000013
16600,0.000013
16620,0.000006
16640,0.000004
16660,0.000002
16680,0.000004
16700,0.000005
16720,0.000208
16740,0.000013
16760,0.000004
16780,0.000045
16800,0.000004
16820,0.000013
16840,0.000001
16860,0.000044
16880,0.000004
16900,0.000206
16920,0.000044
16940,0.000005
16960,0.000001
16980,0.000368
17000,0.000013
17020,0.000004
17040,0.000012
17060,0.000013
17080,0.000012
17100,0.000004
17120,0.000004
17140,0.000004
17160,0.000004
17180,0.000005
17200,0.000001
17220,0.000004
17240,0.000001
17260,0.000004
17280,0.000001
17300,0.000144
17320,0.000001
17340,0.000005
17360,0.000002
17380,0.000004
17400,0.000004
17420,0.000002
17440,0.000001
17460,0.000001
17480,0.000043
17500,0.000004
17520,0.000002
17540,0.000004
17560,0.000003
17580,0.000001
17600,0.000004
17620,0.000012
17640,0.000004
17660,0.000012
17680,0.000001
17700,0.000004
17720,0.000012
17740,0.000012
17760,0.000004
17780,0.000004
17800,0.000004
17820,0.000012
17840,0.000012
17860,0.000001
17880,0.000001
17900,0.000004
17920,0.000012
17940,0.000012
17960,0.000002
17980,0.000002
18000,0.000005
18020,0.000004
18040,0.000005
18060,0.000025
18080,0.000001
18100,0.000004
18120,0.000004
18140,0.000012
18160,0.000001
18180,0.000004
18200,0.000002
18220,0.000011
18240,0.000003
18260,0.000040
18280,0.000005
18300,0.000011
18320,0.000004
18340,0.000014
18360,0.000004
18380,0.000011
18400,0.000001
18420,0.000011
18440,0.000011
18460,0.000004
18480,0.000004
18500,0.000011
18520,0.000011
18540,0.000039
18560,0.000001
18580,0.000011
18600,0.000011
18620,0.000003
18640,0.000004
18660,0.000001
18680,0.000022
18700,0.000001
18720,0.000004
18740,0.000002
18760,0.000004
18780,0.000002
18800,0.000001
18820,0.000001
18840,0.000001
18860,0.000022
18880,0.000004
18900,0.000001
18920,0.000011
18940,0.000011
18960,0.000011
18980,0.000001
19000,0.000011
19020,0.000003
19040,0.000039
19060,0.000003
19080,0.000003
19100,0.000039
19120,0.000002
19140,0.000003
19160,0.000001
19180,0.000003
19200,0.000003
19220,0.000011
19240,0.000011
19260,0.000004
19280,0.000037
19300,0.000003
19320,0.000001
19340,0.000003
19360,0.000003
19380,0.000011
19400,0.000014
19420,0.000002
19440,0.000003
19460,0.000011
19480,0.000001
19500,0.000001
19520,0.000010
19540,0.000003
19560,0.000003
19580,0.000004
19600,0.000003
19620,0.000002
19640,0.000113
19660,0.000005
19680,0.000003
19700,0.000010
19720,0.000003
19740,0.000010
19760,0.000011
19780,0.000021
19800,0.000002
19820,0.000001
19840,0.000010
19860,0.000023
19880,0.000003
19900,0.000037
19920,0.000004
19940,0.000004
19960,0.000003
19980,0.000003
20000,0.000119
20020,0.000010
20040,0.000003
20060,0.000002
20080,0.000004
20100,0.000004
20120,0.000296
20140,0.000013
20160,0.000010
20180,0.000003
20200,0.000004
20220,0.000004
20240,0.000010
20260,0.000013
20280,0.000001
20300,0.000010
20320,0.000003
20340,0.000010
20360,0.000003
20380,0.000004
20400,0.000035
20420,0.000003
20440,0.000002
20460,0.000001
20480,0.000001
20500,0.000003
20520,0.000003
20540,0.000003
20560,0.000001
20580,0.000004
20600,0.000001
20620,0.000003
20640,0.000010
20660,0.000010
20680,0.000020
20700,0.000020
20720,0.000002
20740,0.000003
20760,0.000010
20780,0.000010
20800,0.000003
20820,0.000010
20840,0.000003
20860,0.000034
20880,0.000010
20900,0.000003
20920,0.000001
20940,0.000001
20960,0.000001
20980,0.000010
21000,0.000010
21020,0.000002
21040,0.000002
21060,0.000013
21080,0.000002
21100,0.000010
21120,0.000002
21140,0.000002
21160,0.000002
21180,0.000009
21200,0.000020
21220,0.000003
21240,0.000003
21260,0.000003
21280,0.000003
21300,0.000001
21320,0.000001
21340,0.000004
21360,0.000001
21380,0.000003
21400,0.000003
21420,0.000001
21440,0.000003
21460,0.000001
21480,0.000004
21500,0.000003
21520,0.000009
21540,0.000009
21560,0.000003
21580,0.000019
21600,0.000003
21620,0.000003
21640,0.000003
21660,0.000002
21680,0.000009
21700,0.000003
21720,0.000012
21740,0.000009
21760,0.000003
21780,0.000002
21800,0.000003
21820,0.000001
21840,0.000001
21860,0.000108
21880,0.000267
21900,0.000032
21920,0.000002
21940,0.000001
21960,0.000009
21980,0.000009
22000,0.000003
22020,0.000265
22040,0.000003
22060,0.000003
22080,0.000003
22100,0.000009
22120,0.000003
22140,0.000001
22160,0.000009
22180,0.000003
22200,0.000003
22220,0.000001
22240,0.000003
22260,0.000003
22280,0.000002
22300,0.000003
22320,0.000098
22340,0.000003
22360,0.000003
22380,0.000009
22400,0.000001
22420,0.000011
22440,0.000009
22460,0.000002
22480,0.000001
22500,0.000003
22520,0.000003
22540,0.000003
22560,0.000003
22580,0.000003
22600,0.000003
22620,0.000001
22640,0.000001
22660,0.000001
22680,0.000104
22700,0.000009
22720,0.000003
22740,0.000103
22760,0.000009
22780,0.000017
22800,0.000003
22820,0.000002
22840,0.000001
22860,0.000001
22880,0.000009
22900,0.000001
22920,0.000001
22940,0.000030
22960,0.000011
22980,0.000001
23000,0.000001
23020,0.000001
23040,0.000001
23060,0.000000
23080,0.000009
23100,0.000009
23120,0.000001
23140,0.000001
23160,0.000003
23180,0.000009
23200,0.000001
23220,0.000003
23240,0.000008
23260,0.000003
23280,0.000001
23300,0.000009
23320,0.000003
23340,0.000003
23360,0.000001
23380,0.000093
23400,0.000008
23420,0.000003
23440,0.000003
23460,0.000001
23480,0.000029
23500,0.000001
23520,0.000001
23540,0.000001
23560,0.000003
23580,0.000003
23600,0.000001
23620,0.000003
23640,0.000001
23660,0.000001
23680,0.000003
23700,0.000001
23720,0.000008
23740,0.000003
23760,0.000003
23780,0.000008
23800,0.000003
23820,0.000003
23840,0.000003
23860,0.000003
23880,0.000003
23900,0.000003
23920,0.000003
23940,0.000090
23960,0.000003
23980,0.000003
24000,0.000001
24020,0.000008
24040,0.000001
24060,0.000001
24080,0.000238
24100,0.000008
24120,0.000008
24140,0.000137
24160,0.000001
24180,0.000018
24200,0.000001
24220,0.000008
24240,0.000017
24260,0.000001
24280,0.000001
24300,0.000001
24320,0.000008
24340,0.000001
24360,0.000001
24380,0.000089
24400,0.000016
24420,0.000003
24440,0.000008
24460,0.000001
24480,0.000008
24500,0.000003
24520,0.000008
24540,0.000001
24560,0.000003
24580,0.000008
24600,0.000008
24620,0.000008
24640,0.000008
24660,0.000003
24680,0.000008
24700,0.000001
24720,0.000001
24740,0.000003
24760,0.000008
24780,0.000003
24800,0.000027
24820,0.000001
24840,0.000003
24860,0.000133
24880,0.000010
24900,0.000001
24920,0.000092
24940,0.000008
24960,0.000008
24980,0.000001
25000,0.000016
25020,0.000002
25040,0.000003
25060,0.000001
25080,0.000008
25100,0.000003
25120,0.000003
25140,0.000001
25160,0.000016
25180,0.000003
25200,0.000001
25220,0.000001
25240,0.000001
25260,0.000008
25280,0.000001
25300,0.000008
25320,0.000003
25340,0.000001
25360,0.000027
25380,0.000002
25400,0.000001
25420,0.000003
25440,0.000008
25460,0.000003
25480,0.000008
25500,0.000008
25520,0.000008
25540,0.000000
25560,0.000003
25580,0.000008
25600,0.000001
25620,0.000003
25640,0.000003
25660,0.000001
25680,0.000002
25700,0.000003
25720,0.000002
25740,0.000001
25760,0.000001
25780,0.000008
25800,0.000026
25820,0.000002
25840,0.000007
25860,0.000008
25880,0.000007
25900,0.000002
25920,0.000003
25940,0.000026
25960,0.000003
25980,0.000003
26000,0.000002
26020,0.000001
26040,0.000001
26060,0.000001
26080,0.000003
26100,0.000002
26120,0.000002
26140,0.000002
26160,0.000003
26180,0.000026
26200,0.000003
26220,0.000007
26240,0.000002
26260,0.000002
26280,0.000001
26300,0.000009
26320,0.000007
26340,0.000082
26360,0.000001
26380,0.000015
26400,0.000001
26420,0.000015
26440,0.000002
26460,0.000007
26480,0.000003
26500,0.000007
26520,0.000010
26540,0.000002
26560,0.000001
26580,0.000001
26600,0.000002
26620,0.000007
26640,0.000007
26660,0.000001
26680,0.000007
26700,0.000007
26720,0.000007
26740,0.000002
26760,0.000002
26780,0.000001
26800,0.000001
26820,0.000007
26840,0.000016
26860,0.000003
26880,0.000003
26900,0.000007
26920,0.000007
26940,0.000025
26960,0.000001
26980,0.000084
27000,0.000001
27020,0.000002
27040,0.000007
27060,0.000001
27080,0.000007
27100,0.000002
27120,0.000003
27140,0.000002
27160,0.000001
27180,0.000001
27200,0.000120
27220,0.000001
27240,0.000002
27260,0.000025
27280,0.000001
27300,0.000001
27320,0.000007
27340,0.000007
27360,0.000003
27380,0.000002
27400,0.000001
27420,0.000002
27440,0.000002
27460,0.000001
27480,0.000003
27500,0.000002
27520,0.000009
27540,0.000003
27560,0.000007
27580,0.000002
27600,0.000002
27620,0.000001
27640,0.000001
27660,0.000007
27680,0.000001
27700,0.000001
27720,0.000003
27740,0.000002
27760,0.000002
27780,0.000001
27800,0.000002
27820,0.000001
27840,0.000002
27860,0.000002
27880,0.000002
27900,0.000024
27920,0.000007
27940,0.000007
27960,0.000077
27980,0.000001
28000,0.000002
28020,0.000007
28040,0.000002
28060,0.000002
28080,0.000002
28100,0.000007
28120,0.000002
28140,0.000001
28160,0.000001
28180,0.000024
28200,0.000007
28220,0.000001
28240,0.000007
28260,0.000007
28280,0.000001
28300,0.000001
28320,0.000003
28340,0.000007
28360,0.000007
28380,0.000002
28400,0.000080
28420,0.000195
28440,0.000007
28460,0.000002
28480,0.000001
28500,0.000001
28520,0.000002
28540,0.000002
28560,0.000001
28580,0.000002
28600,0.000002
28620,0.000023
28640,0.000007
28660,0.000002
28680,0.000002
28700,0.000002
28720,0.000007
28740,0.000002
28760,0.000007
28780,0.000002
28800,0.000001
28820,0.000002
28840,0.000002
28860,0.000007
28880,0.000013
28900,0.000001
28920,0.000002
28940,0.000015
28960,0.000007
28980,0.000007
29000,0.000009
29020,0.000023
29040,0.000002
29060,0.000006
29080,0.000003
29100,0.000007
29120,0.000006
29140,0.000006
29160,0.000006
29180,0.000001
29200,0.000006
29220,0.000023
29240,0.000001
29260,0.000006
29280,0.000002
29300,0.000007
29320,0.000073
29340,0.000001
29360,0.000002
29380,0.000001
29400,0.000003
29420,0.000002
29440,0.000006
29460,0.000006
29480,0.000007
29500,0.000006
29520,0.000002
29540,0.000001
29560,0.000002
29580,0.000007
29600,0.000003
29620,0.000002
29640,0.000022
29660,0.000001
29680,0.000006
29700,0.000002
29720,0.000109
29740,0.000001
29760,0.000002
29780,0.000003
29800,0.000006
29820,0.000002
29840,0.000003
29860,0.000000
29880,0.000109
29900,0.000002
29920,0.000001
29940,0.000001
29960,0.000006
29980,0.000002
30000,0.000002
30020,0.000002
30040,0.000006
30060,0.000006
30080,0.000002
30100,0.000001
30120,0.000002
30140,0.000006
30160,0.000013
30180,0.000001
30200,0.000006
30220,0.000002
30240,0.000008
30260,0.000001
30280,0.000002
30300,0.000006
30320,0.000002
30340,0.000002
30360,0.000006
30380,0.000002
30400,0.000002
30420,0.000001
30440,0.000002
30460,0.000002
30480,0.000001
30500,0.000001
30520,0.000006
30540,0.000006
30560,0.000002
30580,0.000001
30600,0.000006
30620,0.000002
30640,0.000001
30660,0.000001
30680,0.000021
30700,0.000006
30720,0.000002
30740,0.000002
30760,0.000001
30780,0.000001
30800,0.000002
30820,0.000002
30840,0.000006
30860,0.000002
30880,0.000002
30900,0.000002
30920,0.000003
30940,0.000006
30960,0.000069
30980,0.000002
31000,0.000002
31020,0.000006
31040,0.000002
31060,0.000072
31080,0.000006
31100,0.000002
31120,0.000002
31140,0.000001
31160,0.000002
31180,0.000012
31200,0.000003
31220,0.000002
31240,0.000006
31260,0.000001
31280,0.000002
31300,0.000006
31320,0.000006
31340,0.000002
31360,0.000001
31380,0.000002
31400,0.000001
31420,0.000001
31440,0.000006
31460,0.000002
31480,0.000002
31500,0.000006
31520,0.000001
31540,0.000003
31560,0.000006
31580,0.000001
31600,0.000002
31620,0.000001
31640,0.000001
31660,0.000001
31680,0.000001
31700,0.000006
31720,0.000008
31740,0.000006
31760,0.000006
31780,0.000002
31800,0.000006
31820,0.000006
31840,0.000006
31860,0.000006
31880,0.000006
31900,0.000171
31920,0.000006
31940,0.000002
31960,0.000002
31980,0.000002
32000,0.000006
32020,0.000001
32040,0.000001
32060,0.000002
32080,0.000002
32100,0.000001
32120,0.000001
32140,0.000002
32160,0.000002
32180,0.000169
32200,0.000002
32220,0.000001
32240,0.000006
32260,0.000006
32280,0.000006
32300,0.000002
32320,0.000002
32340,0.000002
32360,0.000002
32380,0.000068
32400,0.000006
32420,0.000006
32440,0.000020
32460,0.000006
32480,0.000008
32500,0.000002
32520,0.000001
32540,0.000006
32560,0.000001
32580,0.000002
32600,0.000006
32620,0.000001
32640,0.000001
32660,0.000001
32680,0.000001
32700,0.000012
32720,0.000006
32740,0.000002
32760,0.000006
32780,0.000002
32800,0.000006
32820,0.000006
32840,0.000006
32860,0.000001
32880,0.000006
32900,0.000006
32920,0.000002
32940,0.000001
32960,0.000002
32980,0.000008
33000,0.000006
33020,0.000001
33040,0.000006
33060,0.000001
33080,0.000002
33100,0.000006
33120,0.000001
33140,0.000006
33160,0.000006
33180,0.000001
33200,0.000006
33220,0.000001
33240,0.000001
33260,0.000097
33280,0.000011
33300,0.000002
33320,0.000002
33340,0.000001
33360,0.000011
33380,0.000162
33400,0.000002
33420,0.000006
33440,0.000006
33460,0.000001
33480,0.000006
33500,0.000002
33520,0.000002
33540,0.000006
33560,0.000002
33580,0.000011
33600,0.000005
33620,0.000001
33640,0.000005
33660,0.000019
33680,0.000005
33700,0.000005
33720,0.000002
33740,0.000002
33760,0.000002
33780,0.000001
33800,0.000002
33820,0.000160
33840,0.000160
33860,0.000002
33880,0.000002
33900,0.000005
33920,0.000002
33940,0.000005
33960,0.000005
33980,0.000019
34000,0.000002
34020,0.000005
34040,0.000001
34060,0.000002
34080,0.000005
34100,0.000005
34120,0.000002
34140,0.000001
34160,0.000005
34180,0.000001
34200,0.000005
34220,0.000064
34240,0.000005
34260,0.000005
34280,0.000002
34300,0.000002
34320,0.000002
34340,0.000002
34360,0.000005
34380,0.000003
34400,0.000005
34420,0.000001
34440,0.000002
34460,0.000002
34480,0.000002
34500,0.000002
34520,0.000001
34540,0.000005
34560,0.000002
34580,0.000005
34600,0.000001
34620,0.000011
34640,0.000002
34660,0.000002
34680,0.000005
34700,0.000005
34720,0.000005
34740,0.000002
34760,0.000005
34780,0.000002
34800,0.000002
34820,0.000001
34840,0.000005
34860,0.000001
34880,0.000002
34900,0.000063
34920,0.000005
34940,0.000005
34960,0.000002
34980,0.000005
35000,0.000001
35020,0.000018
35040,0.000005
35060,0.000005
35080,0.000002
35100,0.000001
35120,0.000005
35140,0.000002
35160,0.000018
35180,0.000005
35200,0.000001
35220,0.000005
35240,0.000002
35260,0.000005
35280,0.000005
35300,0.000005
35320,0.000005
35340,0.000005
35360,0.000002
35380,0.000000
35400,0.000002
35420,0.000001
35440,0.000005
35460,0.000001
35480,0.000002
35500,0.000012
35520,0.000001
35540,0.000002
35560,0.000005
35580,0.000018
35600,0.000005
35620,0.000005
35640,0.000005
35660,0.000001
35680,0.000005
35700,0.000002
35720,0.000059
35740,0.000002
35760,0.000061
35780,0.000061
35800,0.000002
35820,0.000018
35840,0.000002
35860,0.000002
35880,0.000005
35900,0.000005
35920,0.000005
35940,0.000005
35960,0.000012
35980,0.000005
36000,0.000001
36020,0.000002
36040,0.000005
36060,0.000001
36080,0.000005
36100,0.000002
36120,0.000061
36140,0.000001
36160,0.000005
36180,0.000001
36200,0.000005
36220,0.000002
36240,0.000001
36260,0.000002
36280,0.000001
36300,0.000005
36320,0.000017
36340,0.000001
36360,0.000001
36380,0.000001
36400,0.000005
36420,0.000001
36440,0.000002
36460,0.000005
36480,0.000002
36500,0.000002
36520,0.000001
36540,0.000002
36560,0.000002
36580,0.000001
36600,0.000001
36620,0.000146
36640,0.000001
36660,0.000002
36680,0.000005
36700,0.000001
36720,0.000002
36740,0.000001
36760,0.000005
36780,0.000005
36800,0.000005
36820,0.000005
36840,0.000005
36860,0.000001
36880,0.000002
36900,0.000001
36920,0.000000
36940,0.000001
36960,0.000005
36980,0.000001
37000,0.000001
37020,0.000002
37040,0.000001
37060,0.000002
37080,0.000002
37100,0.000001
37120,0.000005
37140,0.000002
37160,0.000001
37180,0.000002
37200,0.000002
37220,0.000002
37240,0.000001
37260,0.000001
37280,0.000002
37300,0.000002
37320,0.000002
37340,0.000005
37360,0.000002
37380,0.000001
37400,0.000005
37420,0.000005
37440,0.000005
37460,0.000001
37480,0.000001
37500,0.000056
37520,0.000001
37540,0.000005
37560,0.000000
37580,0.000002
37600,0.000005
37620,0.000002
37640,0.000005
37660,0.000002
37680,0.000002
37700,0.000002
37720,0.000005
37740,0.000002
37760,0.000002
37780,0.000002
37800,0.000005
37820,0.000084
37840,0.000001
37860,0.000001
37880,0.000005
37900,0.000001
37920,0.000005
37940,0.000002
37960,0.000001
37980,0.000002
38000,0.000017
38020,0.000005
38040,0.000011
38060,0.000010
38080,0.000002
38100,0.000001
38120,0.000002
38140,0.000005
38160,0.000001
38180,0.000002
38200,0.000005
38220,0.000002
38240,0.000005
38260,0.000001
38280,0.000002
38300,0.000002
38320,0.000001
38340,0.000002
38360,0.000083
38380,0.000002
38400,0.000138
38420,0.000006
38440,0.000002
38460,0.000002
38480,0.000002
38500,0.000005
38520,0.000001
38540,0.000001
38560,0.000001
38580,0.000001
38600,0.000002
38620,0.000002
38640,0.000005
38660,0.000002
38680,0.000005
38700,0.000001
38720,0.000001
38740,0.000001
38760,0.000002
38780,0.000005
38800,0.000002
38820,0.000002
38840,0.000002
38860,0.000002
38880,0.000001
38900,0.000005
38920,0.000002
38940,0.000002
38960,0.000054
38980,0.000001
39000,0.000054
39020,0.000005
39040,0.000002
39060,0.000005
39080,0.000005
39100,0.000006
39120,0.000016
39140,0.000002
39160,0.000002
39180,0.000005
39200,0.000002
39220,0.000002
39240,0.000001
39260,0.000002
39280,0.000005
39300,0.000005
39320,0.000005
39340,0.000005
39360,0.000002
39380,0.000002
39400,0.000005
39420,0.000005
39440,0.000000
39460,0.000002
39480,0.000005
39500,0.000002
39520,0.000001
39540,0.000001
39560,0.000001
39580,0.000002
39600,0.000005
39620,0.000001
39640,0.000002
39660,0.000001
39680,0.000001
39700,0.000001
39720,0.000001
39740,0.000002
39760,0.000002
39780,0.000005
39800,0.000005
39820,0.000002
39840,0.000002
39860,0.000001
39880,0.000001
39900,0.000001
39920,0.000001
39940,0.000001
39960,0.000005
39980,0.000004
40000,0.000001
40020,0.000001
40040,0.000001
40060,0.000015
40080,0.000006
40100,0.000002
40120,0.000001
40140,0.000002
40160,0.000006
40180,0.000001
40200,0.000016
40220,0.000004
40240,0.000002
40260,0.000131
40280,0.000002
40300,0.000004
40320,0.000004
40340,0.000004
40360,0.000002
40380,0.000002
40400,0.000004
40420,0.000001
40440,0.000001
40460,0.000009
40480,0.000002
40500,0.000002
40520,0.000004
40540,0.000001
40560,0.000001
40580,0.000005
40600,0.000004
40620,0.000015
40640,0.000002
40660,0.000004
40680,0.000002
40700,0.000001
40720,0.000001
40740,0.000001
40760,0.000002
40780,0.000001
40800,0.000015
40820,0.000001
40840,0.000001
40860,0.000005
40880,0.000009
40900,0.000129
40920,0.000001
40940,0.000004
40960,0.000002
40980,0.000001
41000,0.000001
41020,0.000001
41040,0.000001
41060,0.000001
41080,0.000004
41100,0.000001
41120,0.000009
41140,0.000004
41160,0.000052
41180,0.000001
41200,0.000002
41220,0.000001
41240,0.000011
41260,0.000004
41280,0.000005
41300,0.000004
41320,0.000001
41340,0.000001
41360,0.000001
41380,0.000001
41400,0.000004
41420,0.000001
41440,0.000006
41460,0.000004
41480,0.000004
41500,0.000002
41520,0.000001
41540,0.000002
41560,0.000001
41580,0.000002
41600,0.000004
41620,0.000002
41640,0.000001
41660,0.000001
41680,0.000001
41700,0.000004
41720,0.000001
41740,0.000004
41760,0.000001
41780,0.000004
41800,0.000001
41820,0.000001
41840,0.000001
41860,0.000004
41880,0.000001
41900,0.000001
41920,0.000004
41940,0.000001
41960,0.000001
41980,0.000004
42000,0.000004
42020,0.000001
42040,0.000001
42060,0.000004
42080,0.000001
42100,0.000002
42120,0.000004
42140,0.000001
42160,0.000001
42180,0.000004
42200,0.000051
42220,0.000001
42240,0.000002
42260,0.000004
42280,0.000004
42300,0.000002
42320,0.000001
42340,0.000001
42360,0.000001
42380,0.000001
42400,0.000002
42420,0.000004
42440,0.000004
42460,0.000010
42480,0.000002
42500,0.000001
42520,0.000002
42540,0.000004
42560,0.000002
42580,0.000001
42600,0.000001
42620,0.000004
42640,0.000001
42660,0.000001
42680,0.000004
42700,0.000004
42720,0.000004
42740,0.000001
42760,0.000004
42780,0.000001
42800,0.000001
42820,0.000001
42840,0.000001
42860,0.000002
42880,0.000001
42900,0.000004
42920,0.000001
42940,0.000001
42960,0.000001
42980,0.000050
43000,0.000002
43020,0.000001
43040,0.000002
43060,0.000001
43080,0.000004
43100,0.000121
43120,0.000004
43140,0.000001
43160,0.000004
43180,0.000004
43200,0.000004
43220,0.000001
43240,0.000002
43260,0.000001
43280,0.000004
43300,0.000001
43320,0.000006
43340,0.000004
43360,0.000002
43380,0.000001
43400,0.000005
43420,0.000001
43440,0.000001
43460,0.000049
43480,0.000001
43500,0.000004
43520,0.000002
43540,0.000002
43560,0.000004
43580,0.000001
43600,0.000001
43620,0.000004
43640,0.000001
43660,0.000001
43680,0.000001
43700,0.000004
43720,0.000001
43740,0.000000
43760,0.000001
43780,0.000001
43800,0.000004
43820,0.000001
43840,0.000001
43860,0.000001
43880,0.000004
43900,0.000001
43920,0.000004
43940,0.000001
43960,0.000004
43980,0.000001
44000,0.000004
44020,0.000000
44040,0.000001
44060,0.000001
44080,0.000001
44100,0.000001
44120,0.000004
44140,0.000001
44160,0.000001
44180,0.000001
44200,0.000004
44220,0.000004
44240,0.000001
44260,0.000001
44280,0.000000
44300,0.000004
44320,0.000001
44340,0.000014
44360,0.000001
44380,0.000001
44400,0.000004
44420,0.000004
44440,0.000001
44460,0.000001
44480,0.000001
44500,0.000004
44520,0.000002
44540,0.000001
44560,0.000001
44580,0.000001
44600,0.000004
44620,0.000001
44640,0.000001
44660,0.000001
44680,0.000004
44700,0.000001
44720,0.000002
44740,0.000001
44760,0.000004
44780,0.000004
44800,0.000001
44820,0.000001
44840,0.000004
44860,0.000002
44880,0.000004
44900,0.000001
44920,0.000001
44940,0.000004
44960,0.000001
44980,0.000001
45000,0.000001
45020,0.000001
45040,0.000001
45060,0.000001
45080,0.000000
45100,0.000004
45120,0.000001
45140,0.000004
45160,0.000001
45180,0.000004
45200,0.000001
45220,0.000001
45240,0.000001
45260,0.000004
45280,0.000002
45300,0.000004
45320,0.000004
45340,0.000001
45360,0.000005
45380,0.000000
45400,0.000001
45420,0.000004
45440,0.000001
45460,0.000001
45480,0.000004
45500,0.000001
45520,0.000001
45540,0.000004
45560,0.000002
45580,0.000001
45600,0.000004
45620,0.000004
45640,0.000001
45660,0.000004
45680,0.000001
45700,0.000001
45720,0.000001
45740,0.000002
45760,0.000001
45780,0.000002
45800,0.000001
45820,0.000001
45840,0.000000
45860,0.000001
45880,0.000004
45900,0.000004
45920,0.000113
45940,0.000004
45960,0.000069
45980,0.000001
46000,0.000004
46020,0.000004
46040,0.000001
46060,0.000001
46080,0.000004
46100,0.000001
46120,0.000008
46140,0.000001
46160,0.000004
46180,0.000004
46200,0.000004
46220,0.000004
46240,0.000001
46260,0.000004
46280,0.000001
46300,0.000001
46320,0.000001
46340,0.000001
46360,0.000013
46380,0.000013
46400,0.000001
46420,0.000001
46440,0.000004
46460,0.000001
46480,0.000004
46500,0.000001
46520,0.000001
46540,0.000001
46560,0.000008
46580,0.000001
46600,0.000001
46620,0.000001
46640,0.000001
46660,0.000004
46680,0.000001
46700,0.000001
46720,0.000000
46740,0.000002
46760,0.000004
46780,0.000068
46800,0.000001
46820,0.000001
46840,0.000001
46860,0.000004
46880,0.000001
46900,0.000001
46920,0.000004
46940,0.000001
46960,0.000001
46980,0.000001
47000,0.000001
47020,0.000045
47040,0.000001
47060,0.000001
47080,0.000001
47100,0.000001
47120,0.000045
47140,0.000004
47160,0.000001
47180,0.000001
47200,0.000004
47220,0.000013
47240,0.000004
47260,0.000000
47280,0.000008
47300,0.000000
47320,0.000001
47340,0.000001
47360,0.000004
47380,0.000001
47400,0.000001
47420,0.000001
47440,0.000004
47460,0.000001
47480,0.000001
47500,0.000001
47520,0.000001
47540,0.000001
47560,0.000002
47580,0.000004
47600,0.000004
47620,0.000001
47640,0.000000
47660,0.000004
47680,0.000001
47700,0.000001
47720,0.000004
47740,0.000002
47760,0.000005
47780,0.000001
47800,0.000004
47820,0.000004
47840,0.000001
47860,0.000001
47880,0.000004
47900,0.000001
47920,0.000001
47940,0.000009
47960,0.000002
47980,0.000001
48000,0.000005
48020,0.000012
48040,0.000001
48060,0.000000
48080,0.000004
48100,0.000001
48120,0.000000
48140,0.000001
48160,0.000001
48180,0.000001
48200,0.000001
48220,0.000001
48240,0.000001
48260,0.000001
48280,0.000001
48300,0.000000
48320,0.000001
48340,0.000000
48360,0.000001
48380,0.000001
48400,0.000005
48420,0.000001
48440,0.000004
48460,0.000000
48480,0.000004
48500,0.000001
48520,0.000004
48540,0.000001
48560,0.000001
48580,0.000004
48600,0.000001
48620,0.000001
48640,0.000001
48660,0.000001
48680,0.000013
48700,0.000001
48720,0.000000
48740,0.000004
48760,0.000000
48780,0.000000
48800,0.000004
48820,0.000004
48840,0.000001
48860,0.000001
48880,0.000001
48900,0.000001
48920,0.000004
48940,0.000001
48960,0.000004
48980,0.000001
49000,0.000001
49020,0.000012
49040,0.000001
49060,0.000001
49080,0.000001
49100,0.000001
49120,0.000001
49140,0.000001
49160,0.000001
49180,0.000000
49200,0.000001
49220,0.000001
49240,0.000001
49260,0.000004
49280,0.000001
49300,0.000001
49320,0.000001
49340,0.000001
49360,0.000004
49380,0.000001
49400,0.000001
49420,0.000004
49440,0.000001
49460,0.000004
49480,0.000000
49500,0.000104
49520,0.000004
49540,0.000004
49560,0.000001
49580,0.000004
49600,0.000004
49620,0.000001
49640,0.000004
49660,0.000004
49680,0.000004
49700,0.000001
49720,0.000005
49740,0.000000
49760,0.000001
49780,0.000004
49800,0.000001
49820,0.000004
49840,0.000001
49860,0.000001
49880,0.000001
49900,0.000001
49920,0.000005
49940,0.000001
49960,0.000000
49980,0.000000
50000,0.000001
50020,0.000001
50040,0.000004
50060,0.000001
50080,0.000001
50100,0.000000
50120,0.000000
50140,0.000003
50160,0.000003
50180,0.000002
50200,0.000001
50220,0.000001
50240,0.000001
50260,0.000001
50280,0.000003
50300,0.000000
50320,0.000003
50340,0.000001
50360,0.000001
50380,0.000003
50400,0.000001
50420,0.000001
50440,0.000000
50460,0.000001
50480,0.000003
50500,0.000012
50520,0.000002
50540,0.000003
50560,0.000003
50580,0.000000
50600,0.000001
50620,0.000062
50640,0.000001
50660,0.000003
50680,0.000003
50700,0.000007
50720,0.000012
50740,0.000003
50760,0.000001
50780,0.000003
50800,0.000001
50820,0.000001
50840,0.000001
50860,0.000001
50880,0.000001
50900,0.000001
50920,0.000001
50940,0.000001
50960,0.000003
50980,0.000003
51000,0.000000
51020,0.000003
51040,0.000004
51060,0.000003
51080,0.000000
51100,0.000001
51120,0.000041
51140,0.000003
51160,0.000003
51180,0.000001
51200,0.000001
51220,0.000001
51240,0.000005
51260,0.000000
51280,0.000004
51300,0.000001
51320,0.000003
51340,0.000000
51360,0.000001
51380,0.000001
51400,0.000004
51420,0.000001
51440,0.000003
51460,0.000001
51480,0.000000
51500,0.000003
51520,0.000001
51540,0.000001
51560,0.000001
51580,0.000004
51600,0.000001
51620,0.000001
51640,0.000002
51660,0.000001
51680,0.000003
51700,0.000001
51720,0.000004
51740,0.000001
51760,0.000003
51780,0.000003
51800,0.000000
51820,0.000001
51840,0.000001
51860,0.000003
51880,0.000001
51900,0.000000
51920,0.000003
51940,0.000000
51960,0.000003
51980,0.000000
52000,0.000001
52020,0.000003
52040,0.000003
52060,0.000003
52080,0.000001
52100,0.000099
52120,0.000001
52140,0.000000
52160,0.000005
52180,0.000003
52200,0.000008
52220,0.000003
52240,0.000012
52260,0.000000
52280,0.000003
52300,0.000003
52320,0.000003
52340,0.000003
52360,0.000001
52380,0.000001
52400,0.000001
52420,0.000001
52440,0.000001
52460,0.000000
52480,0.000001
52500,0.000003
52520,0.000000
52540,0.000001
52560,0.000001
52580,0.000008
52600,0.000060
52620,0.000001
52640,0.000001
52660,0.000003
52680,0.000003
52700,0.000001
52720,0.000008
52740,0.000003
52760,0.000008
52780,0.000000
52800,0.000011
52820,0.000000
52840,0.000001
52860,0.000003
52880,0.000001
52900,0.000040
52920,0.000001
52940,0.000000
52960,0.000000
52980,0.000000
53000,0.000001
53020,0.000003
53040,0.000001
53060,0.000001
53080,0.000003
53100,0.000003
53120,0.000001
53140,0.000001
53160,0.000011
53180,0.000001
53200,0.000001
53220,0.000007
53240,0.000001
53260,0.000001
53280,0.000007
53300,0.000007
53320,0.000003
53340,0.000001
53360,0.000007
53380,0.000003
53400,0.000003
53420,0.000000
53440,0.000003
53460,0.000011
53480,0.000001
53500,0.000001
53520,0.000000
53540,0.000003
53560,0.000001
53580,0.000003
53600,0.000001
53620,0.000000
53640,0.000001
53660,0.000000
53680,0.000003
53700,0.000003
53720,0.000001
53740,0.000007
53760,0.000001
53780,0.000003
53800,0.000095
53820,0.000001
53840,0.000003
53860,0.000000
53880,0.000000
53900,0.000001
53920,0.000000
53940,0.000001
53960,0.000001
53980,0.000001
54000,0.000000
54020,0.000001
54040,0.000011
54060,0.000003
54080,0.000000
54100,0.000000
54120,0.000001
54140,0.000001
54160,0.000003
54180,0.000003
54200,0.000001
54220,0.000001
54240,0.000001
54260,0.000000
54280,0.000001
54300,0.000058
54320,0.000001
54340,0.000001
54360,0.000001
54380,0.000000
54400,0.000001
54420,0.000001
54440,0.000001
54460,0.000000
54480,0.000001
54500,0.000000
54520,0.000003
54540,0.000002
54560,0.000001
54580,0.000038
54600,0.000001
54620,0.000001
54640,0.000001
54660,0.000000
54680,0.000003
54700,0.000003
54720,0.000001
54740,0.000001
54760,0.000003
54780,0.000003
54800,0.000003
54820,0.000003
54840,0.000001
54860,0.000057
54880,0.000003
54900,0.000001
54920,0.000001
54940,0.000003
54960,0.000001
54980,0.000001
55000,0.000003
55020,0.000001
55040,0.000006
55060,0.000001
55080,0.000001
55100,0.000001
55120,0.000001
55140,0.000003
55160,0.000003
55180,0.000000
55200,0.000003
55220,0.000003
55240,0.000001
55260,0.000011
55280,0.000001
55300,0.000003
55320,0.000003
55340,0.000001
55360,0.000001
55380,0.000001
55400,0.000003
55420,0.000001
55440,0.000003
55460,0.000003
55480,0.000001
55500,0.000001
55520,0.000003
55540,0.000000
55560,0.000001
55580,0.000000
55600,0.000003
55620,0.000001
55640,0.000000
55660,0.000001
55680,0.000001
55700,0.000001
55720,0.000003
55740,0.000001
55760,0.000001
55780,0.000000
55800,0.000001
55820,0.000003
55840,0.000003
55860,0.000003
55880,0.000001
55900,0.000003
55920,0.000006
55940,0.000001
55960,0.000003
55980,0.000001
56000,0.000003
56020,0.000000
56040,0.000001
56060,0.000000
56080,0.000001
56100,0.000003
56120,0.000011
56140,0.000001
56160,0.000003
56180,0.000001
56200,0.000000
56220,0.000001
56240,0.000001
56260,0.000000
56280,0.000003
56300,0.000001
56320,0.000006
56340,0.000001
56360,0.000003
56380,0.000001
56400,0.000001
56420,0.000000
56440,0.000000
56460,0.000000
56480,0.000001
56500,0.000001
56520,0.000003
56540,0.000003
56560,0.000001
56580,0.000001
56600,0.000000
56620,0.000003
56640,0.000001
56660,0.000004
56680,0.000001
56700,0.000000
56720,0.000003
56740,0.000055
56760,0.000003
56780,0.000006
56800,0.000001
56820,0.000006
56840,0.000001
56860,0.000000
56880,0.000000
56900,0.000001
56920,0.000000
56940,0.000001
56960,0.000001
56980,0.000001
57000,0.000001
57020,0.000000
57040,0.000001
57060,0.000003
57080,0.000001
57100,0.000001
57120,0.000003
57140,0.000000
57160,0.000001
57180,0.000000
57200,0.000003
57220,0.000000
57240,0.000003
57260,0.000001
57280,0.000001
57300,0.000000
57320,0.000003
57340,0.000001
57360,0.000003
57380,0.000003
57400,0.000003
57420,0.000001
57440,0.000003
57460,0.000001
57480,0.000001
57500,0.000010
57520,0.000000
57540,0.000001
57560,0.000001
57580,0.000002
57600,0.000003
57620,0.000008
57640,0.000036
57660,0.000001
57680,0.000001
57700,0.000003
57720,0.000000
57740,0.000001
57760,0.000001
57780,0.000000
57800,0.000003
57820,0.000001
57840,0.000001
57860,0.000003
57880,0.000001
57900,0.000003
57920,0.000003
57940,0.000001
57960,0.000000
57980,0.000003
58000,0.000001
58020,0.000003
58040,0.000003
58060,0.000000
58080,0.000001
58100,0.000000
58120,0.000001
58140,0.000001
58160,0.000001
58180,0.000006
58200,0.000000
58220,0.000001
58240,0.000001
58260,0.000000
58280,0.000010
58300,0.000001
58320,0.000003
58340,0.000003
58360,0.000003
58380,0.000001
58400,0.000001
58420,0.000001
58440,0.000001
58460,0.000001
58480,0.000000
58500,0.000004
58520,0.000001
58540,0.000000
58560,0.000003
58580,0.000000
58600,0.000001
58620,0.000000
58640,0.000000
58660,0.000001
58680,0.000004
58700,0.000003
58720,0.000003
58740,0.000001
58760,0.000006
58780,0.000006
58800,0.000003
58820,0.000000
58840,0.000000
58860,0.000003
58880,0.000000
58900,0.000001
58920,0.000001
58940,0.000001
58960,0.000000
58980,0.000003
59000,0.000001
59020,0.000001
59040,0.000003
59060,0.000000
59080,0.000003
59100,0.000000
59120,0.000000
59140,0.000006
59160,0.000001
59180,0.000000
59200,0.000001
59220,0.000035
59240,0.000000
59260,0.000003
59280,0.000003
59300,0.000001
59320,0.000010
59340,0.000001
59360,0.000001
59380,0.000003
59400,0.000001
59420,0.000001
59440,0.000003
59460,0.000001
59480,0.000010
59500,0.000003
59520,0.000001
59540,0.000003
59560,0.000003
59580,0.000000
59600,0.000001
59620,0.000003
59640,0.000003
59660,0.000000
59680,0.000003
59700,0.000003
59720,0.000000
59740,0.000006
59760,0.000003
59780,0.000001
59800,0.000003
59820,0.000001
59840,0.000003
59860,0.000035
59880,0.000001
59900,0.000001
59920,0.000000
59940,0.000001
59960,0.000003
59980,0.000001
60000,0.000004
60020,0.000000
60040,0.000001
60060,0.000000
60080,0.000003
60100,0.000000
60120,0.000001
60140,0.000001
60160,0.000001
60180,0.000003
60200,0.000004
60220,0.000003
60240,0.000001
60260,0.000001
60280,0.000000
60300,0.000006
60320,0.000003
60340,0.000000
60360,0.000003
60380,0.000000
60400,0.000000
60420,0.000084
60440,0.000001
60460,0.000001
60480,0.000000
60500,0.000004
60520,0.000001
60540,0.000003
60560,0.000001
60580,0.000000
60600,0.000003
60620,0.000000
60640,0.000003
60660,0.000003
60680,0.000001
60700,0.000000
60720,0.000001
60740,0.000001
60760,0.000051
60780,0.000034
60800,0.000003
60820,0.000001
60840,0.000001
60860,0.000010
60880,0.000001
60900,0.000001
60920,0.000001
60940,0.000001
60960,0.000010
60980,0.000003
61000,0.000001
61020,0.000001
61040,0.000000
61060,0.000000
61080,0.000000
61100,0.000001
61120,0.000000
61140,0.000001
61160,0.000001
61180,0.000003
61200,0.000001
61220,0.000000
61240,0.000001
61260,0.000009
61280,0.000000
61300,0.000003
61320,0.000000
61340,0.000001
61360,0.000007
61380,0.000000
61400,0.000000
61420,0.000001
61440,0.000051
61460,0.000001
61480,0.000001
61500,0.000001
61520,0.000001
61540,0.000003
61560,0.000000
61580,0.000000
61600,0.000001
61620,0.000000
61640,0.000000
61660,0.000001
61680,0.000001
61700,0.000001
61720,0.000034
61740,0.000010
61760,0.000003
61780,0.000001
61800,0.000003
61820,0.000000
61840,0.000000
61860,0.000001
61880,0.000003
61900,0.000001
61920,0.000001
61940,0.000000
61960,0.000000
61980,0.000003
62000,0.000034
62020,0.000009
62040,0.000001
62060,0.000000
62080,0.000003
62100,0.000001
62120,0.000001
62140,0.000003
62160,0.000000
62180,0.000001
62200,0.000001
62220,0.000001
62240,0.000000
62260,0.000001
62280,0.000000
62300,0.000001
62320,0.000003
62340,0.000001
62360,0.000001
62380,0.000001
62400,0.000001
62420,0.000001
62440,0.000001
62460,0.000001
62480,0.000001
62500,0.000000
62520,0.000003
62540,0.000001
62560,0.000004
62580,0.000001
62600,0.000000
62620,0.000001
62640,0.000003
62660,0.000003
62680,0.000004
62700,0.000003
62720,0.000001
62740,0.000001
62760,0.000000
62780,0.000000
62800,0.000003
62820,0.000001
62840,0.000003
62860,0.000003
62880,0.000003
62900,0.000003
62920,0.000001
62940,0.000000
62960,0.000003
62980,0.000001
63000,0.000001
63020,0.000000
63040,0.000001
63060,0.000001
63080,0.000003
63100,0.000006
63120,0.000001
63140,0.000000
63160,0.000000
63180,0.000001
63200,0.000001
63220,0.000000
63240,0.000000
63260,0.000000
63280,0.000001
63300,0.000000
63320,0.000000
63340,0.000001
63360,0.000001
63380,0.000001
63400,0.000003
63420,0.000000
63440,0.000001
63460,0.000003
63480,0.000001
63500,0.000000
63520,0.000003
63540,0.000000
63560,0.000079
63580,0.000001
63600,0.000001
63620,0.000003
63640,0.000001
63660,0.000000
63680,0.000000
63700,0.000000
63720,0.000000
63740,0.000003
63760,0.000001
63780,0.000003
63800,0.000000
63820,0.000000
63840,0.000001
63860,0.000001
63880,0.000003
63900,0.000003
63920,0.000001
63940,0.000003
63960,0.000000
63980,0.000003
64000,0.000001
64020,0.000000
64040,0.000001
64060,0.000003
64080,0.000001
64100,0.000003
64120,0.000000
64140,0.000001
64160,0.000003
64180,0.000003
64200,0.000001
64220,0.000078
64240,0.000001
64260,0.000032
64280,0.000000
64300,0.000000
64320,0.000001
64340,0.000003
64360,0.000001
64380,0.000003
64400,0.000001
64420,0.000000
64440,0.000002
64460,0.000001
64480,0.000003
64500,0.000003
64520,0.000001
64540,0.000001
64560,0.000003
64580,0.000000
64600,0.000003
64620,0.000032
64640,0.000001
64660,0.000000
64680,0.000003
64700,0.000001
64720,0.000003
64740,0.000001
64760,0.000003
64780,0.000001
64800,0.000007
64820,0.000048
64840,0.000001
64860,0.000001
64880,0.000009
64900,0.000003
64920,0.000000
64940,0.000001
64960,0.000000
64980,0.000001
65000,0.000003
65020,0.000001
65040,0.000003
65060,0.000077
65080,0.000003
65100,0.000003
65120,0.000003
65140,0.000000
65160,0.000003
65180,0.000003
65200,0.000001
65220,0.000001
65240,0.000000
65260,0.000003
65280,0.000000
65300,0.000000
65320,0.000001
65340,0.000000
65360,0.000000
65380,0.000001
65400,0.000032
65420,0.000001
65440,0.000001
65460,0.000000
65480,0.000001
65500,0.000001
65520,0.000001
65540,0.000003
65560,0.000003
65580,0.000000
65600,0.000000
65620,0.000001
65640,0.000009
65660,0.000001
65680,0.000000
65700,0.000001
65720,0.000003
65740,0.000003
65760,0.000001
65780,0.000000
65800,0.000005
65820,0.000001
65840,0.000003
65860,0.000001
65880,0.000003
65900,0.000003
65920,0.000003
65940,0.000003
65960,0.000001
65980,0.000001
66000,0.000004
66020,0.000003
66040,0.000001
66060,0.000003
66080,0.000003
66100,0.000003
66120,0.000003
66140,0.000004
66160,0.000001
66180,0.000001
66200,0.000000
66220,0.000001
66240,0.000001
66260,0.000003
66280,0.000000
66300,0.000001
66320,0.000001
66340,0.000001
66360,0.000009
66380,0.000001
66400,0.000001
66420,0.000000
66440,0.000001
66460,0.000003
66480,0.000003
66500,0.000001
66520,0.000001
66540,0.000001
66560,0.000000
66580,0.000007
66600,0.000003
66620,0.000003
66640,0.000000
66660,0.000000
66680,0.000001
66700,0.000000
66720,0.000009
66740,0.000000
66760,0.000000
66780,0.000001
66800,0.000000
66820,0.000001
66840,0.000001
66860,0.000031
66880,0.000003
66900,0.000009
66920,0.000075
66940,0.000001
66960,0.000003
66980,0.000003
67000,0.000009
67020,0.000000
67040,0.000003
67060,0.000000
67080,0.000003
67100,0.000000
67120,0.000001
67140,0.000001
67160,0.000001
67180,0.000001
67200,0.000000
67220,0.000000
67240,0.000001
67260,0.000001
67280,0.000001
67300,0.000009
67320,0.000000
67340,0.000001
67360,0.000003
67380,0.000001
67400,0.000001
67420,0.000001
67440,0.000008
67460,0.000003
67480,0.000000
67500,0.000000
67520,0.000000
67540,0.000000
67560,0.000001
67580,0.000001
67600,0.000001
67620,0.000003
67640,0.000001
67660,0.000000
67680,0.000007
67700,0.000001
67720,0.000003
67740,0.000005
67760,0.000001
67780,0.000001
67800,0.000003
67820,0.000001
67840,0.000000
67860,0.000005
67880,0.000003
67900,0.000001
67920,0.000000
67940,0.000001
67960,0.000001
67980,0.000003
68000,0.000000
68020,0.000000
68040,0.000001
68060,0.000001
68080,0.000005
68100,0.000001
68120,0.000005
68140,0.000001
68160,0.000000
68180,0.000002
68200,0.000002
68220,0.000001
68240,0.000003
68260,0.000000
68280,0.000003
68300,0.000002
68320,0.000002
68340,0.000002
68360,0.000000
68380,0.000002
68400,0.000001
68420,0.000009
68440,0.000000
68460,0.000001
68480,0.000001
68500,0.000002
68520,0.000003
68540,0.000001
68560,0.000001
68580,0.000002
68600,0.000001
68620,0.000045
68640,0.000002
68660,0.000001
68680,0.000000
68700,0.000000
68720,0.000000
68740,0.000001
68760,0.000001
68780,0.000002
68800,0.000001
68820,0.000000
68840,0.000002
68860,0.000002
68880,0.000001
68900,0.000002
68920,0.000001
68940,0.000000
68960,0.000001
68980,0.000000
69000,0.000000
69020,0.000002
69040,0.000008
69060,0.000000
69080,0.000002
69100,0.000003
69120,0.000002
69140,0.000002
69160,0.000001
69180,0.000002
69200,0.000002
69220,0.000000
69240,0.000001
69260,0.000001
69280,0.000002
69300,0.000000
69320,0.000002
69340,0.000000
69360,0.000000
69380,0.000000
69400,0.000000
69420,0.000002
69440,0.000001
69460,0.000000
69480,0.000001
69500,0.000003
69520,0.000001
69540,0.000002
69560,0.000000
69580,0.000001
69600,0.000030
69620,0.000001
69640,0.000000
69660,0.000001
69680,0.000001
69700,0.000000
69720,0.000003
69740,0.000000
69760,0.000000
69780,0.000001
69800,0.000002
69820,0.000001
69840,0.000001
69860,0.000001
69880,0.000002
69900,0.000001
69920,0.000002
69940,0.000001
69960,0.000000
69980,0.000001
70000,0.000000
70020,0.000006
70040,0.000001
70060,0.000000
70080,0.000001
70100,0.000000
70120,0.000002
70140,0.000008
70160,0.000008
70180,0.000005
70200,0.000000
70220,0.000000
70240,0.000001
70260,0.000002
70280,0.000002
70300,0.000001
70320,0.000002
70340,0.000001
70360,0.000001
70380,0.000000
70400,0.000029
70420,0.000002
70440,0.000008
70460,0.000001
70480,0.000002
70500,0.000000
70520,0.000002
70540,0.000002
70560,0.000001
70580,0.000002
70600,0.000001
70620,0.000000
70640,0.000000
70660,0.000002
70680,0.000002
70700,0.000000
70720,0.000001
70740,0.000044
70760,0.000002
70780,0.000002
70800,0.000001
70820,0.000002
70840,0.000002
70860,0.000002
70880,0.000001
70900,0.000002
70920,0.000000
70940,0.000002
70960,0.000002
70980,0.000002
71000,0.000002
71020,0.000001
71040,0.000000
71060,0.000005
71080,0.000070
71100,0.000002
71120,0.000000
71140,0.000001
71160,0.000001
71180,0.000003
71200,0.000002
71220,0.000003
71240,0.000002
71260,0.000000
71280,0.000002
71300,0.000000
71320,0.000001
71340,0.000001
71360,0.000001
71380,0.000001
71400,0.000000
71420,0.000002
71440,0.000001
71460,0.000002
71480,0.000001
71500,0.000002
71520,0.000002
71540,0.000001
71560,0.000002
71580,0.000001
71600,0.000000
71620,0.000002
71640,0.000001
71660,0.000001
71680,0.000000
71700,0.000000
71720,0.000001
71740,0.000001
71760,0.000002
71780,0.000001
71800,0.000001
71820,0.000008
71840,0.000003
71860,0.000000
71880,0.000001
71900,0.000001
71920,0.000002
71940,0.000001
71960,0.000002
71980,0.000001
72000,0.000001
72020,0.000008
72040,0.000001
72060,0.000005
72080,0.000001
72100,0.000001
72120,0.000001
72140,0.000001
72160,0.000000
72180,0.000001
72200,0.000002
72220,0.000005
72240,0.000002
72260,0.000001
72280,0.000001
72300,0.000002
72320,0.000008
72340,0.000002
72360,0.000000
72380,0.000029
72400,0.000000
72420,0.000001
72440,0.000006
72460,0.000001
72480,0.000001
72500,0.000003
72520,0.000000
72540,0.000002
72560,0.000001
72580,0.000000
72600,0.000001
72620,0.000000
72640,0.000000
72660,0.000000
72680,0.000000
72700,0.000000
72720,0.000001
72740,0.000002
72760,0.000005
72780,0.000001
72800,0.000001
72820,0.000001
72840,0.000000
72860,0.000000
72880,0.000002
72900,0.000001
72920,0.000000
72940,0.000000
72960,0.000002
72980,0.000001
73000,0.000001
73020,0.000000
73040,0.000001
73060,0.000001
73080,0.000001
73100,0.000000
73120,0.000008
73140,0.000002
73160,0.000029
73180,0.000001
73200,0.000002
73220,0.000002
73240,0.000000
73260,0.000042
73280,0.000002
73300,0.000000
73320,0.000001
73340,0.000000
73360,0.000001
73380,0.000001
73400,0.000001
73420,0.000001
73440,0.000001
73460,0.000002
73480,0.000002
73500,0.000001
73520,0.000000
73540,0.000001
73560,0.000002
73580,0.000001
73600,0.000000
73620,0.000002
73640,0.000002
73660,0.000001
73680,0.000001
73700,0.000028
73720,0.000001
73740,0.000001
73760,0.000001
73780,0.000001
73800,0.000002
73820,0.000001
73840,0.000000
73860,0.000000
73880,0.000001
73900,0.000002
73920,0.000008
73940,0.000001
73960,0.000001
73980,0.000005
74000,0.000002
74020,0.000000
74040,0.000002
74060,0.000000
74080,0.000001
74100,0.000002
74120,0.000000
74140,0.000001
74160,0.000002
74180,0.000001
74200,0.000001
74220,0.000001
74240,0.000000
74260,0.000002
74280,0.000002
74300,0.000000
74320,0.000028
74340,0.000000
74360,0.000001
74380,0.000001
74400,0.000000
74420,0.000001
74440,0.000001
74460,0.000001
74480,0.000000
74500,0.000003
74520,0.000001
74540,0.000005
74560,0.000001
74580,0.000001
74600,0.000001
74620,0.000005
74640,0.000000
74660,0.000002
74680,0.000002
74700,0.000002
74720,0.000000
74740,0.000001
74760,0.000002
74780,0.000001
74800,0.000002
74820,0.000001
74840,0.000002
74860,0.000001
74880,0.000002
74900,0.000000
74920,0.000008
74940,0.000000
74960,0.000002
74980,0.000001
75000,0.000001
75020,0.000000
75040,0.000001
75060,0.000001
75080,0.000003
75100,0.000001
75120,0.000001
75140,0.000003
75160,0.000000
75180,0.000000
75200,0.000005
75220,0.000003
75240,0.000005
75260,0.000001
75280,0.000001
75300,0.000000
75320,0.000001
75340,0.000000
75360,0.000006
75380,0.000001
75400,0.000001
75420,0.000002
75440,0.000000
75460,0.000001
75480,0.000001
75500,0.000002
75520,0.000000
75540,0.000003
75560,0.000002
75580,0.000001
75600,0.000002
75620,0.000001
75640,0.000001
75660,0.000000
75680,0.000041
75700,0.000000
75720,0.000001
75740,0.000001
75760,0.000002
75780,0.000000
75800,0.000001
75820,0.000002
75840,0.000001
75860,0.000002
75880,0.000002
75900,0.000001
75920,0.000002
75940,0.000008
75960,0.000001
75980,0.000000
76000,0.000000
76020,0.000000
76040,0.000002
76060,0.000001
76080,0.000000
76100,0.000002
76120,0.000001
76140,0.000041
76160,0.000001
76180,0.000002
76200,0.000002
76220,0.000000
76240,0.000002
76260,0.000000
76280,0.000003
76300,0.000002
76320,0.000001
76340,0.000001
76360,0.000000
76380,0.000002
76400,0.000001
76420,0.000000
76440,0.000002
76460,0.000002
76480,0.000000
76500,0.000002
76520,0.000000
76540,0.000001
76560,0.000000
76580,0.000000
76600,0.000001
76620,0.000002
76640,0.000001
76660,0.000001
76680,0.000001
76700,0.000000
76720,0.000000
76740,0.000001
76760,0.000002
76780,0.000006
76800,0.000002
76820,0.000000
76840,0.000000
76860,0.000001
76880,0.000000
76900,0.000000
76920,0.000001
76940,0.000000
76960,0.000002
76980,0.000001
77000,0.000001
77020,0.000001
77040,0.000001
77060,0.000000
77080,0.000002
77100,0.000001
77120,0.000000
77140,0.000002
77160,0.000001
77180,0.000002
77200,0.000001
77220,0.000002
77240,0.000002
77260,0.000000
77280,0.000001
77300,0.000007
77320,0.000000
77340,0.000001
77360,0.000000
77380,0.000001
77400,0.000002
77420,0.000002
77440,0.000002
77460,0.000003
77480,0.000002
77500,0.000001
77520,0.000001
77540,0.000000
77560,0.000003
77580,0.000001
77600,0.000000
77620,0.000000
77640,0.000003
77660,0.000000
77680,0.000002
77700,0.000001
77720,0.000001
77740,0.000001
77760,0.000000
77780,0.000001
77800,0.000001
77820,0.000001
77840,0.000000
77860,0.000002
77880,0.000001
77900,0.000001
77920,0.000000
77940,0.000007
77960,0.000000
77980,0.000001
78000,0.000001
78020,0.000004
78040,0.000001
78060,0.000001
78080,0.000001
78100,0.000002
78120,0.000002
78140,0.000001
78160,0.000001
78180,0.000001
78200,0.000001
78220,0.000001
78240,0.000003
78260,0.000001
78280,0.000001
78300,0.000002
78320,0.000000
78340,0.000001
78360,0.000001
78380,0.000002
78400,0.000000
78420,0.000002
78440,0.000001
78460,0.000001
78480,0.000002
78500,0.000002
78520,0.000063
78540,0.000001
78560,0.000000
78580,0.000063
78600,0.000000
78620,0.000001
78640,0.000002
78660,0.000002
78680,0.000001
78700,0.000001
78720,0.000001
78740,0.000001
78760,0.000007
78780,0.000000
78800,0.000002
78820,0.000002
78840,0.000007
78860,0.000001
78880,0.000001
78900,0.000002
78920,0.000001
78940,0.000002
78960,0.000001
78980,0.000002
79000,0.000001
79020,0.000002
79040,0.000000
79060,0.000001
79080,0.000002
79100,0.000001
79120,0.000006
79140,0.000001
79160,0.000001
79180,0.000000
79200,0.000001
79220,0.000000
79240,0.000001
79260,0.000002
79280,0.000002
79300,0.000000
79320,0.000001
79340,0.000001
79360,0.000001
79380,0.000002
79400,0.000000
79420,0.000001
79440,0.000000
79460,0.000002
79480,0.000002
79500,0.000001
79520,0.000000
79540,0.000000
79560,0.000002
79580,0.000007
79600,0.000000
79620,0.000002
79640,0.000001
79660,0.000001
79680,0.000002
79700,0.000001
79720,0.000007
79740,0.000001
79760,0.000002
79780,0.000002
79800,0.000001
79820,0.000002
79840,0.000002
79860,0.000001
79880,0.000001
79900,0.000001
79920,0.000039
79940,0.000002
79960,0.000002
79980,0.000001
80000,0.000001
80020,0.000001
80040,0.000001
80060,0.000000
80080,0.000000
80100,0.000000
80120,0.000002
80140,0.000003
80160,0.000002
80180,0.000002
80200,0.000002
80220,0.000002
80240,0.000002
80260,0.000000
80280,0.000001
80300,0.000001
80320,0.000000
80340,0.000002
80360,0.000001
80380,0.000000
80400,0.000000
80420,0.000002
80440,0.000001
80460,0.000001
80480,0.000002
80500,0.000002
80520,0.000002
80540,0.000001
80560,0.000001
80580,0.000002
80600,0.000000
80620,0.000002
80640,0.000003
80660,0.000001
80680,0.000001
80700,0.000001
80720,0.000000
80740,0.000002
80760,0.000000
80780,0.000002
80800,0.000001
80820,0.000061
80840,0.000001
80860,0.000000
80880,0.000001
80900,0.000000
80920,0.000001
80940,0.000006
80960,0.000000
80980,0.000002
81000,0.000001
81020,0.000000
81040,0.000002
81060,0.000002
81080,0.000007
81100,0.000001
81120,0.000002
81140,0.000001
81160,0.000001
81180,0.000002
81200,0.000000
81220,0.000003
81240,0.000002
81260,0.000000
81280,0.000001
81300,0.000000
81320,0.000001
81340,0.000000
81360,0.000002
81380,0.000007
81400,0.000001
81420,0.000001
81440,0.000001
81460,0.000002
81480,0.000001
81500,0.000002
81520,0.000001
81540,0.000002
81560,0.000002
81580,0.000001
81600,0.000002
81620,0.000002
81640,0.000001
81660,0.000001
81680,0.000007
81700,0.000002
81720,0.000000
81740,0.000002
81760,0.000001
81780,0.000000
81800,0.000003
81820,0.000007
81840,0.000001
81860,0.000002
81880,0.000000
81900,0.000001
81920,0.000001
81940,0.000001
81960,0.000000
81980,0.000001
82000,0.000001
82020,0.000002
82040,0.000000
82060,0.000002
82080,0.000001
82100,0.000007
82120,0.000038
82140,0.000001
82160,0.000000
82180,0.000001
82200,0.000001
82220,0.000001
82240,0.000002
82260,0.000001
82280,0.000001
82300,0.000002
82320,0.000004
82340,0.000038
82360,0.000001
82380,0.000002
82400,0.000005
82420,0.000002
82440,0.000001
82460,0.000003
82480,0.000002
82500,0.000000
82520,0.000001
82540,0.000002
82560,0.000001
82580,0.000000
82600,0.000000
82620,0.000001
82640,0.000004
82660,0.000000
82680,0.000000
82700,0.000002
82720,0.000002
82740,0.000004
82760,0.000001
82780,0.000001
82800,0.000001
82820,0.000001
82840,0.000002
82860,0.000025
82880,0.000001
82900,0.000002
82920,0.000001
82940,0.000002
82960,0.000002
82980,0.000001
83000,0.000004
83020,0.000002
83040,0.000002
83060,0.000000
83080,0.000002
83100,0.000002
83120,0.000002
83140,0.000002
83160,0.000002
83180,0.000000
83200,0.000000
83220,0.000001
83240,0.000001
83260,0.000000
83280,0.000002
83300,0.000000
83320,0.000000
83340,0.000002
83360,0.000002
83380,0.000001
83400,0.000002
83420,0.000000
83440,0.000000
83460,0.000025
83480,0.000002
83500,0.000002
83520,0.000059
83540,0.000002
83560,0.000000
83580,0.000002
83600,0.000001
83620,0.000001
83640,0.000003
83660,0.000000
83680,0.000002
83700,0.000007
83720,0.000002
83740,0.000000
83760,0.000002
83780,0.000001
83800,0.000001
83820,0.000000
83840,0.000001
83860,0.000000
83880,0.000001
83900,0.000000
83920,0.000002
83940,0.000001
83960,0.000000
83980,0.000001
84000,0.000002
84020,0.000001
84040,0.000007
84060,0.000001
84080,0.000001
84100,0.000024
84120,0.000001
84140,0.000002
84160,0.000002
84180,0.000002
84200,0.000007
84220,0.000002
84240,0.000001
84260,0.000002
84280,0.000001
84300,0.000000
84320,0.000000
84340,0.000002
84360,0.000000
84380,0.000001
84400,0.000002
84420,0.000000
84440,0.000037
84460,0.000025
84480,0.000001
84500,0.000000
84520,0.000001
84540,0.000001
84560,0.000001
84580,0.000001
84600,0.000002
84620,0.000001
84640,0.000002
84660,0.000002
84680,0.000004
84700,0.000000
84720,0.000001
84740,0.000002
84760,0.000000
84780,0.000001
84800,0.000000
84820,0.000000
84840,0.000002
84860,0.000002
84880,0.000002
84900,0.000002
84920,0.000001
84940,0.000001
84960,0.000001
84980,0.000000
85000,0.000001
85020,0.000002
85040,0.000001
85060,0.000002
85080,0.000000
85100,0.000002
85120,0.000002
85140,0.000002
85160,0.000002
85180,0.000002
85200,0.000000
85220,0.000001
85240,0.000001
85260,0.000004
85280,0.000001
85300,0.000001
85320,0.000007
85340,0.000001
85360,0.000001
85380,0.000001
85400,0.000002
85420,0.000001
85440,0.000002
85460,0.000000
85480,0.000002
85500,0.000024
85520,0.000001
85540,0.000002
85560,0.000002
85580,0.000000
85600,0.000002
85620,0.000000
85640,0.000002
85660,0.000000
85680,0.000058
85700,0.000002
85720,0.000000
85740,0.000000
85760,0.000001
85780,0.000002
85800,0.000000
85820,0.000007
85840,0.000002
85860,0.000000
85880,0.000001
85900,0.000000
85920,0.000002
85940,0.000002
85960,0.000002
85980,0.000001
86000,0.000001
86020,0.000002
86040,0.000036
86060,0.000001
86080,0.000003
86100,0.000000
86120,0.000002
86140,0.000001
86160,0.000002
86180,0.000001
86200,0.000001
86220,0.000001
86240,0.000001
86260,0.000005
86280,0.000001
86300,0.000000
86320,0.000000
86340,0.000001
86360,0.000001
86380,0.000001
86400,0.000001
86420,0.000002
86440,0.000000
86460,0.000001
86480,0.000004
86500,0.000001
86520,0.000002
86540,0.000001
86560,0.000001
86580,0.000001
86600,0.000002
86620,0.000002
86640,0.000000
86660,0.000006
86680,0.000024
86700,0.000002
86720,0.000002
86740,0.000002
86760,0.000024
86780,0.000000
86800,0.000001
86820,0.000002
86840,0.000001
86860,0.000001
86880,0.000002
86900,0.000000
86920,0.000000
86940,0.000001
86960,0.000002
86980,0.000001
87000,0.000001
87020,0.000002
87040,0.000000
87060,0.000002
87080,0.000000
87100,0.000000
87120,0.000001
87140,0.000000
87160,0.000002
87180,0.000002
87200,0.000001
87220,0.000000
87240,0.000002
87260,0.000002
87280,0.000000
87300,0.000003
87320,0.000001
87340,0.000002
87360,0.000000
87380,0.000000
87400,0.000002
87420,0.000001
87440,0.000002
87460,0.000001
87480,0.000002
87500,0.000001
87520,0.000000
87540,0.000001
87560,0.000000
87580,0.000001
87600,0.000002
87620,0.000023
87640,0.000001
87660,0.000005
87680,0.000001
87700,0.000000
87720,0.000002
87740,0.000001
87760,0.000002
87780,0.000000
87800,0.000000
87820,0.000001
87840,0.000001
87860,0.000001
87880,0.000002
87900,0.000002
87920,0.000005
87940,0.000002
87960,0.000001
87980,0.000001
88000,0.000006
88020,0.000001
88040,0.000000
88060,0.000006
88080,0.000000
88100,0.000001
88120,0.000023
88140,0.000001
88160,0.000002
88180,0.000001
88200,0.000002
88220,0.000001
88240,0.000002
88260,0.000001
88280,0.000000
88300,0.000001
88320,0.000000
88340,0.000002
88360,0.000023
88380,0.000002
88400,0.000001
88420,0.000002
88440,0.000004
88460,0.000001
88480,0.000000
88500,0.000001
88520,0.000001
88540,0.000001
88560,0.000002
88580,0.000001
88600,0.000003
88620,0.000004
88640,0.000000
88660,0.000001
88680,0.000002
88700,0.000002
88720,0.000001
88740,0.000001
88760,0.000001
88780,0.000002
88800,0.000000
88820,0.000006
88840,0.000001
88860,0.000002
88880,0.000001
88900,0.000001
88920,0.000001
88940,0.000002
88960,0.000006
88980,0.000001
89000,0.000001
89020,0.000002
89040,0.000004
89060,0.000001
89080,0.000005
89100,0.000001
89120,0.000001
89140,0.000001
89160,0.000001
89180,0.000002
89200,0.000000
89220,0.000002
89240,0.000001
89260,0.000002
89280,0.000001
89300,0.000000
89320,0.000001
89340,0.000001
89360,0.000000
89380,0.000001
89400,0.000002
89420,0.000002
89440,0.000000
89460,0.000001
89480,0.000000
89500,0.000000
89520,0.000002
89540,0.000001
89560,0.000023
89580,0.000001
89600,0.000006
89620,0.000001
89640,0.000002
89660,0.000000
89680,0.000005
89700,0.000002
89720,0.000001
89740,0.000001
89760,0.000004
89780,0.000001
89800,0.000001
89820,0.000001
89840,0.000002
89860,0.000001
89880,0.000002
89900,0.000001
89920,0.000004
89940,0.000001
89960,0.000002
89980,0.000002
90000,0.000002
90020,0.000000
90040,0.000002
90060,0.000000
90080,0.000000
90100,0.000001
90120,0.000002
90140,0.000002
90160,0.000000
90180,0.000001
90200,0.000034
90220,0.000001
90240,0.000002
90260,0.000001
90280,0.000002
90300,0.000000
90320,0.000000
90340,0.000001
90360,0.000002
90380,0.000000
90400,0.000002
90420,0.000002
90440,0.000001
90460,0.000034
90480,0.000001
90500,0.000002
90520,0.000002
90540,0.000004
90560,0.000002
90580,0.000000
90600,0.000001
90620,0.000001
90640,0.000001
90660,0.000001
90680,0.000000
90700,0.000000
90720,0.000000
90740,0.000000
90760,0.000002
90780,0.000034
90800,0.000000
90820,0.000001
90840,0.000004
90860,0.000000
90880,0.000002
90900,0.000001
90920,0.000006
90940,0.000000
90960,0.000002
90980,0.000002
91000,0.000001
91020,0.000001
91040,0.000001
91060,0.000000
91080,0.000002
91100,0.000000
91120,0.000002
91140,0.000001
91160,0.000001
91180,0.000001
91200,0.000001
91220,0.000000
91240,0.000001
91260,0.000002
91280,0.000000
91300,0.000000
91320,0.000000
91340,0.000000
91360,0.000000
91380,0.000001
91400,0.000000
91420,0.000002
91440,0.000001
91460,0.000004
91480,0.000006
91500,0.000000
91520,0.000002
91540,0.000000
91560,0.000001
91580,0.000002
91600,0.000002
91620,0.000001
91640,0.000000
91660,0.000002
91680,0.000001
91700,0.000002
91720,0.000000
91740,0.000023
91760,0.000000
91780,0.000002
91800,0.000002
91820,0.000002
91840,0.000002
91860,0.000000
91880,0.000053
91900,0.000001
91920,0.000002
91940,0.000006
91960,0.000002
91980,0.000001
92000,0.000000
92020,0.000002
92040,0.000002
92060,0.000001
92080,0.000000
92100,0.000001
92120,0.000000
92140,0.000001
92160,0.000000
92180,0.000002
92200,0.000000
92220,0.000002
92240,0.000000
92260,0.000001
92280,0.000001
92300,0.000001
92320,0.000053
92340,0.000006
92360,0.000001
92380,0.000001
92400,0.000002
92420,0.000002
92440,0.000023
92460,0.000002
92480,0.000000
92500,0.000005
92520,0.000000
92540,0.000033
92560,0.000002
92580,0.000001
92600,0.000002
92620,0.000002
92640,0.000000
92660,0.000000
92680,0.000001
92700,0.000001
92720,0.000002
92740,0.000033
92760,0.000002
92780,0.000001
92800,0.000000
92820,0.000001
92840,0.000000
92860,0.000000
92880,0.000001
92900,0.000001
92920,0.000002
92940,0.000002
92960,0.000002
92980,0.000001
93000,0.000001
93020,0.000002
93040,0.000001
93060,0.000002
93080,0.000001
93100,0.000000
93120,0.000000
93140,0.000000
93160,0.000006
93180,0.000000
93200,0.000001
93220,0.000001
93240,0.000002
93260,0.000001
93280,0.000001
93300,0.000000
93320,0.000001
93340,0.000002
93360,0.000000
93380,0.000001
93400,0.000001
93420,0.000001
93440,0.000000
93460,0.000004
93480,0.000001
93500,0.000000
93520,0.000005
93540,0.000002
93560,0.000000
93580,0.000022
93600,0.000002
93620,0.000002
93640,0.000002
93660,0.000000
93680,0.000002
93700,0.000002
93720,0.000001
93740,0.000002
93760,0.000001
93780,0.000000
93800,0.000022
93820,0.000001
93840,0.000000
93860,0.000000
93880,0.000002
93900,0.000000
93920,0.000033
93940,0.000002
93960,0.000001
93980,0.000004
94000,0.000001
94020,0.000002
94040,0.000000
94060,0.000001
94080,0.000001
94100,0.000002
94120,0.000001
94140,0.000002
94160,0.000001
94180,0.000000
94200,0.000001
94220,0.000001
94240,0.000005
94260,0.000002
94280,0.000006
94300,0.000000
94320,0.000000
94340,0.000001
94360,0.000000
94380,0.000002
94400,0.000002
94420,0.000000
94440,0.000006
94460,0.000000
94480,0.000001
94500,0.000002
94520,0.000004
94540,0.000002
94560,0.000001
94580,0.000001
94600,0.000000
94620,0.000002
94640,0.000004
94660,0.000006
94680,0.000001
94700,0.000002
94720,0.000002
94740,0.000002
94760,0.000000
94780,0.000001
94800,0.000001
94820,0.000000
94840,0.000001
94860,0.000002
94880,0.000002
94900,0.000000
94920,0.000000
94940,0.000001
94960,0.000000
94980,0.000000
95000,0.000001
95020,0.000002
95040,0.000001
95060,0.000001
95080,0.000001
95100,0.000002
95120,0.000001
95140,0.000002
95160,0.000002
95180,0.000001
95200,0.000002
95220,0.000001
95240,0.000000
95260,0.000002
95280,0.000002
95300,0.000001
95320,0.000000
95340,0.000032
95360,0.000000
95380,0.000000
95400,0.000000
95420,0.000002
95440,0.000001
95460,0.000001
95480,0.000000
95500,0.000002
95520,0.000001
95540,0.000002
95560,0.000000
95580,0.000001
95600,0.000001
95620,0.000002
95640,0.000000
95660,0.000001
95680,0.000002
95700,0.000004
95720,0.000001
95740,0.000000
95760,0.000001
95780,0.000001
95800,0.000001
95820,0.000001
95840,0.000002
95860,0.000001
95880,0.000000
95900,0.000000
95920,0.000000
95940,0.000032
95960,0.000000
95980,0.000002
96000,0.000001
96020,0.000000
96040,0.000000
96060,0.000002
96080,0.000000
96100,0.000004
96120,0.000001
96140,0.000001
96160,0.000001
96180,0.000006
96200,0.000001
96220,0.000001
96240,0.000002
96260,0.000001
96280,0.000002
96300,0.000022
96320,0.000001
96340,0.000000
96360,0.000000
96380,0.000001
96400,0.000002
96420,0.000001
96440,0.000002
96460,0.000000
96480,0.000002
96500,0.000000
96520,0.000001
96540,0.000001
96560,0.000002
96580,0.000002
96600,0.000000
96620,0.000021
96640,0.000001
96660,0.000002
96680,0.000000
96700,0.000000
96720,0.000001
96740,0.000002
96760,0.000000
96780,0.000001
96800,0.000001
96820,0.000051
96840,0.000002
96860,0.000001
96880,0.000000
96900,0.000000
96920,0.000000
96940,0.000000
96960,0.000021
96980,0.000000
97000,0.000000
97020,0.000000
97040,0.000000
97060,0.000001
97080,0.000001
97100,0.000000
97120,0.000002
97140,0.000000
97160,0.000000
97180,0.000001
97200,0.000001
97220,0.000002
97240,0.000001
97260,0.000002
97280,0.000001
97300,0.000000
97320,0.000001
97340,0.000002
97360,0.000050
97380,0.000000
97400,0.000002
97420,0.000001
97440,0.000001
97460,0.000001
97480,0.000001
97500,0.000000
97520,0.000001
97540,0.000001
97560,0.000002
97580,0.000000
97600,0.000000
97620,0.000000
97640,0.000002
97660,0.000000
97680,0.000000
97700,0.000001
97720,0.000000
97740,0.000003
97760,0.000001
97780,0.000002
97800,0.000000
97820,0.000001
97840,0.000002
97860,0.000001
97880,0.000001
97900,0.000001
97920,0.000002
97940,0.000001
97960,0.000021
97980,0.000000
98000,0.000001
98020,0.000002
98040,0.000001
98060,0.000002
98080,0.000001
98100,0.000001
98120,0.000001
98140,0.000001
98160,0.000001
98180,0.000000
98200,0.000002
98220,0.000003
98240,0.000000
98260,0.000001
98280,0.000001
98300,0.000001
98320,0.000001
98340,0.000002
98360,0.000002
98380,0.000000
98400,0.000003
98420,0.000000
98440,0.000002
98460,0.000001
98480,0.000002
98500,0.000002
98520,0.000000
98540,0.000001
98560,0.000002
98580,0.000000
98600,0.000002
98620,0.000001
98640,0.000002
98660,0.000000
98680,0.000001
98700,0.000002
98720,0.000002
98740,0.000002
98760,0.000001
98780,0.000001
98800,0.000001
98820,0.000002
98840,0.000002
98860,0.000000
98880,0.000001
98900,0.000002
98920,0.000000
98940,0.000001
98960,0.000002
98980,0.000000
99000,0.000001
99020,0.000006
99040,0.000000
99060,0.000001
99080,0.000001
99100,0.000002
99120,0.000001
99140,0.000006
99160,0.000000
99180,0.000001
99200,0.000002
99220,0.000001
99240,0.000001
99260,0.000000
99280,0.000002
99300,0.000002
99320,0.000002
99340,0.000002
99360,0.000002
99380,0.000002
99400,0.000002
99420,0.000001
99440,0.000000
99460,0.000002
99480,0.000000
99500,0.000000
99520,0.000001
99540,0.000002
99560,0.000000
99580,0.000001
99600,0.000001
99620,0.000001
99640,0.000002
99660,0.000002
99680,0.000001
99700,0.000002
99720,0.000005
99740,0.000002
99760,0.000002
99780,0.000001
99800,0.000002
99820,0.000002
99840,0.000002
99860,0.000000
99880,0.000000
99900,0.000000
99920,0.000006
99940,0.000049
99960,0.000001
99980,0.000001
0,0.000002
