./perceptron -c 4 4 3 --with-bias -e120000 --log-learning ../data/iris443_120000 
0,0.295991
20,0.005252
40,0.004962
60,0.229325
80,0.222526
100,0.006364
120,0.310963
140,0.404013
160,0.002176
180,0.003604
200,0.002597
220,0.001562
240,0.009667
260,0.007951
280,0.000338
300,0.002139
320,0.003993
340,0.000159
360,0.007394
380,0.000156
400,0.000135
420,0.001793
440,0.010544
460,0.002136
480,0.001706
500,0.001499
520,0.000870
540,0.000120
560,0.000144
580,0.002198
600,0.001043
620,0.000089
640,0.001828
660,0.002100
680,0.002210
700,0.900756
720,0.000069
740,0.000760
760,0.001778
780,0.000122
800,0.000074
820,0.000394
840,0.000130
860,0.000317
880,0.000301
900,0.001192
920,0.000259
940,0.000235
960,0.000063
980,0.000063
1000,0.000077
1020,0.000055
1040,0.000075
1060,0.001058
1080,0.000051
1100,0.000960
1120,0.000054
1140,0.000051
1160,0.000047
1180,0.940015
1200,0.000048
1220,0.000902
1240,0.000048
1260,0.000888
1280,0.000046
1300,0.000876
1320,0.000105
1340,0.000104
1360,0.000896
1380,0.000092
1400,0.000038
1420,0.000089
1440,0.000040
1460,0.000845
1480,0.000081
1500,0.000034
1520,0.000836
1540,0.000035
1560,0.000034
1580,0.000038
1600,0.000827
1620,0.001320
1640,0.000032
1660,0.000033
1680,0.000847
1700,0.000042
1720,0.000029
1740,0.000060
1760,0.000028
1780,0.000814
1800,0.000814
1820,0.000055
1840,0.000057
1860,0.000031
1880,0.000027
1900,0.000053
1920,0.000806
1940,0.000027
1960,0.000805
1980,0.001438
2000,0.000804
2020,0.000048
2040,0.000047
2060,0.000024
2080,0.000045
2100,0.000023
2120,0.000024
2140,0.000026
2160,0.000023
2180,0.000798
2200,0.000025
2220,0.000795
2240,0.000040
2260,0.000796
2280,0.000021
2300,0.000795
2320,0.000022
2340,0.000021
2360,0.000020
2380,0.001459
2400,0.000038
2420,0.000035
2440,0.000019
2460,0.000834
2480,0.000034
2500,0.000792
2520,0.000029
2540,0.000045
2560,0.000021
2580,0.000032
2600,0.000040
2620,0.000020
2640,0.000022
2660,0.000791
2680,0.000790
2700,0.000030
2720,0.000790
2740,0.000790
2760,0.000026
2780,0.000017
2800,0.000028
2820,0.000021
2840,0.000789
2860,0.000035
2880,0.000027
2900,0.000018
2920,0.002556
2940,0.000015
2960,0.000027
2980,0.000015
3000,0.000019
3020,0.000015
3040,0.000788
3060,0.000026
3080,0.000788
3100,0.001182
3120,0.000014
3140,0.000020
3160,0.000788
3180,0.000024
3200,0.000014
3220,0.944757
3240,0.000023
3260,0.000787
3280,0.000023
3300,0.000014
3320,0.000022
3340,0.000014
3360,0.000017
3380,0.000787
3400,0.000014
3420,0.000013
3440,0.000012
3460,0.000022
3480,0.000013
3500,0.001154
3520,0.000787
3540,0.000020
3560,0.000012
3580,0.000012
3600,0.944783
3620,0.000787
3640,0.000020
3660,0.000787
3680,0.000012
3700,0.000787
3720,0.000024
3740,0.000787
3760,0.000019
3780,0.000018
3800,0.000018
3820,0.000787
3840,0.000800
3860,0.000786
3880,0.000025
3900,0.000787
3920,0.000011
3940,0.000787
3960,0.000018
3980,0.000021
4000,0.000787
4020,0.000787
4040,0.000787
4060,0.000089
4080,0.000787
4100,0.000011
4120,0.000010
4140,0.000787
4160,0.000011
4180,0.000010
4200,0.000015
4220,0.000017
4240,0.000787
4260,0.000013
4280,0.000010
4300,0.000016
4320,0.001152
4340,0.944836
4360,0.000010
4380,0.000021
4400,0.000787
4420,0.000787
4440,0.000010
4460,0.001141
4480,0.000788
4500,0.000016
4520,0.000011
4540,0.000788
4560,0.000010
4580,0.000788
4600,0.000009
4620,0.000788
4640,0.000009
4660,0.000014
4680,0.000787
4700,0.000009
4720,0.000014
4740,0.944860
4760,0.000788
4780,0.000013
4800,0.000787
4820,0.000788
4840,0.000010
4860,0.000787
4880,0.000008
4900,0.000091
4920,0.000010
4940,0.000013
4960,0.000009
4980,0.000010
5000,0.000012
5020,0.000009
5040,0.000089
5060,0.000788
5080,0.000012
5100,0.000008
5120,0.000015
5140,0.000009
5160,0.000015
5180,0.000008
5200,0.000009
5220,0.000012
5240,0.000012
5260,0.000096
5280,0.000012
5300,0.000012
5320,0.000008
5340,0.000012
5360,0.944848
5380,0.000789
5400,0.000009
5420,0.000011
5440,0.000009
5460,0.000008
5480,0.000012
5500,0.000012
5520,0.000789
5540,0.000014
5560,0.000789
5580,0.000789
5600,0.000789
5620,0.000789
5640,0.000009
5660,0.000789
5680,0.000012
5700,0.000009
5720,0.001203
5740,0.000789
5760,0.000008
5780,0.000789
5800,0.000010
5820,0.000011
5840,0.000010
5860,0.002101
5880,0.001102
5900,0.000013
5920,0.000010
5940,0.000789
5960,0.000010
5980,0.000007
6000,0.000789
6020,0.000010
6040,0.000790
6060,0.000010
6080,0.000009
6100,0.000790
6120,0.000010
6140,0.000008
6160,0.000010
6180,0.000010
6200,0.000790
6220,0.000789
6240,0.000789
6260,0.000007
6280,0.000007
6300,0.000009
6320,0.000006
6340,0.000790
6360,0.000007
6380,0.000011
6400,0.000009
6420,0.000009
6440,0.000007
6460,0.000011
6480,0.000009
6500,0.000790
6520,0.000790
6540,0.000007
6560,0.000790
6580,0.000790
6600,0.000790
6620,0.000790
6640,0.000008
6660,0.002053
6680,0.000007
6700,0.000007
6720,0.000790
6740,0.002017
6760,0.000099
6780,0.000790
6800,0.000011
6820,0.000009
6840,0.000006
6860,0.000006
6880,0.000006
6900,0.000790
6920,0.000007
6940,0.000007
6960,0.000100
6980,0.000008
7000,0.000008
7020,0.000007
7040,0.000791
7060,0.000008
7080,0.000790
7100,0.000006
7120,0.000008
7140,0.000008
7160,0.000010
7180,0.000010
7200,0.000007
7220,0.000008
7240,0.000008
7260,0.000006
7280,0.000006
7300,0.000791
7320,0.000006
7340,0.000791
7360,0.000008
7380,0.000007
7400,0.000791
7420,0.944793
7440,0.000818
7460,0.000007
7480,0.000792
7500,0.000006
7520,0.000792
7540,0.000006
7560,0.000007
7580,0.000007
7600,0.000006
7620,0.000791
7640,0.000006
7660,0.000007
7680,0.000006
7700,0.000006
7720,0.000007
7740,0.001148
7760,0.000007
7780,0.000005
7800,0.000007
7820,0.000008
7840,0.001086
7860,0.000792
7880,0.000007
7900,0.000006
7920,0.000006
7940,0.000006
7960,0.000792
7980,0.000007
8000,0.000007
8020,0.000005
8040,0.000792
8060,0.000792
8080,0.000007
8100,0.000009
8120,0.000007
8140,0.000792
8160,0.000007
8180,0.000007
8200,0.000006
8220,0.000007
8240,0.000792
8260,0.000007
8280,0.000007
8300,0.001081
8320,0.000006
8340,0.000006
8360,0.000007
8380,0.000005
8400,0.000007
8420,0.000007
8440,0.000006
8460,0.000786
8480,0.000793
8500,0.000005
8520,0.000008
8540,0.000006
8560,0.000005
8580,0.000005
8600,0.000793
8620,0.000793
8640,0.000005
8660,0.000005
8680,0.000793
8700,0.000005
8720,0.000005
8740,0.000005
8760,0.000793
8780,0.000005
8800,0.000793
8820,0.000006
8840,0.000007
8860,0.000006
8880,0.000793
8900,0.000793
8920,0.000793
8940,0.000006
8960,0.000793
8980,0.000005
9000,0.000793
9020,0.000800
9040,0.000793
9060,0.001075
9080,0.000793
9100,0.000005
9120,0.000793
9140,0.000794
9160,0.000005
9180,0.000005
9200,0.000005
9220,0.000005
9240,0.000793
9260,0.000793
9280,0.000006
9300,0.000005
9320,0.000793
9340,0.000005
9360,0.000793
9380,0.000005
9400,0.000005
9420,0.000005
9440,0.000005
9460,0.000005
9480,0.000793
9500,0.000005
9520,0.000006
9540,0.000006
9560,0.000478
9580,0.000794
9600,0.000005
9620,0.000005
9640,0.000006
9660,0.000794
9680,0.000794
9700,0.000005
9720,0.000794
9740,0.000004
9760,0.000005
9780,0.000006
9800,0.000005
9820,0.000794
9840,0.000794
9860,0.000795
9880,0.000007
9900,0.000005
9920,0.000005
9940,0.000801
9960,0.000005
9980,0.000005
10000,0.000005
10020,0.000005
10040,0.001898
10060,0.000005
10080,0.000794
10100,0.000004
10120,0.000794
10140,0.000794
10160,0.000006
10180,0.000004
10200,0.000005
10220,0.000794
10240,0.000006
10260,0.000005
10280,0.000787
10300,0.000005
10320,0.000005
10340,0.000801
10360,0.000794
10380,0.000005
10400,0.000794
10420,0.000004
10440,0.000004
10460,0.000005
10480,0.000004
10500,0.000004
10520,0.000794
10540,0.000005
10560,0.000005
10580,0.000005
10600,0.000005
10620,0.000005
10640,0.000006
10660,0.000006
10680,0.000795
10700,0.000005
10720,0.000007
10740,0.000005
10760,0.000795
10780,0.000004
10800,0.000005
10820,0.000005
10840,0.000795
10860,0.000005
10880,0.000006
10900,0.000005
10920,0.000004
10940,0.000004
10960,0.000004
10980,0.000004
11000,0.000004
11020,0.000795
11040,0.000794
11060,0.000801
11080,0.000004
11100,0.000004
11120,0.000006
11140,0.000006
11160,0.000005
11180,0.000005
11200,0.000004
11220,0.000004
11240,0.000005
11260,0.000004
11280,0.000004
11300,0.000004
11320,0.000795
11340,0.001062
11360,0.000004
11380,0.000004
11400,0.000004
11420,0.000004
11440,0.000796
11460,0.000796
11480,0.000005
11500,0.000004
11520,0.000004
11540,0.000004
11560,0.000795
11580,0.000004
11600,0.000004
11620,0.000004
11640,0.000004
11660,0.000004
11680,0.000796
11700,0.000795
11720,0.000005
11740,0.000004
11760,0.000004
11780,0.000005
11800,0.000795
11820,0.000004
11840,0.000004
11860,0.000005
11880,0.000003
11900,0.000004
11920,0.000796
11940,0.000004
11960,0.000005
11980,0.000004
12000,0.000413
12020,0.000004
12040,0.000004
12060,0.000796
12080,0.000796
12100,0.000796
12120,0.000004
12140,0.000004
12160,0.000005
12180,0.000003
12200,0.000004
12220,0.000004
12240,0.000004
12260,0.000004
12280,0.000004
12300,0.000004
12320,0.000796
12340,0.000797
12360,0.000004
12380,0.000796
12400,0.000004
12420,0.000004
12440,0.000004
12460,0.000005
12480,0.001051
12500,0.000003
12520,0.000004
12540,0.000004
12560,0.000003
12580,0.000004
12600,0.000796
12620,0.000004
12640,0.000802
12660,0.000797
12680,0.000003
12700,0.000004
12720,0.000796
12740,0.000003
12760,0.000004
12780,0.000797
12800,0.000004
12820,0.000004
12840,0.000797
12860,0.000004
12880,0.000797
12900,0.000004
12920,0.000797
12940,0.000004
12960,0.000797
12980,0.000796
13000,0.000003
13020,0.944669
13040,0.000004
13060,0.000003
13080,0.000003
13100,0.000004
13120,0.000797
13140,0.000003
13160,0.000004
13180,0.000004
13200,0.000003
13220,0.000797
13240,0.000797
13260,0.000797
13280,0.000004
13300,0.000797
13320,0.000004
13340,0.000003
13360,0.000003
13380,0.000004
13400,0.000796
13420,0.000003
13440,0.000003
13460,0.000003
13480,0.000003
13500,0.000004
13520,0.000797
13540,0.000797
13560,0.000003
13580,0.000004
13600,0.000004
13620,0.000798
13640,0.000087
13660,0.000797
13680,0.000003
13700,0.000803
13720,0.000797
13740,0.000003
13760,0.000797
13780,0.000797
13800,0.000003
13820,0.000003
13840,0.000003
13860,0.000004
13880,0.000797
13900,0.000003
13920,0.000004
13940,0.000003
13960,0.000003
13980,0.000797
14000,0.000003
14020,0.000005
14040,0.000797
14060,0.000797
14080,0.000005
14100,0.000003
14120,0.000798
14140,0.000003
14160,0.000798
14180,0.000797
14200,0.000798
14220,0.000798
14240,0.000003
14260,0.000003
14280,0.000004
14300,0.000798
14320,0.000004
14340,0.000003
14360,0.000798
14380,0.000003
14400,0.000003
14420,0.000003
14440,0.000003
14460,0.000004
14480,0.000004
14500,0.000003
14520,0.000003
14540,0.000797
14560,0.000003
14580,0.001075
14600,0.000004
14620,0.000003
14640,0.000003
14660,0.000798
14680,0.000003
14700,0.000005
14720,0.000003
14740,0.000003
14760,0.000004
14780,0.000003
14800,0.000003
14820,0.000798
14840,0.000003
14860,0.000003
14880,0.001042
14900,0.000003
14920,0.000003
14940,0.000003
14960,0.000819
14980,0.000003
15000,0.000003
15020,0.000003
15040,0.000003
15060,0.000003
15080,0.000819
15100,0.000377
15120,0.000003
15140,0.000003
15160,0.000798
15180,0.000798
15200,0.000798
15220,0.000798
15240,0.000798
15260,0.000798
15280,0.000003
15300,0.000798
15320,0.000798
15340,0.000003
15360,0.000003
15380,0.000003
15400,0.000798
15420,0.000003
15440,0.000003
15460,0.000798
15480,0.000003
15500,0.000003
15520,0.000799
15540,0.000799
15560,0.944611
15580,0.000003
15600,0.944640
15620,0.000003
15640,0.000003
15660,0.000799
15680,0.000003
15700,0.000003
15720,0.000799
15740,0.000003
15760,0.000003
15780,0.000003
15800,0.000003
15820,0.000799
15840,0.000004
15860,0.000003
15880,0.000003
15900,0.000003
15920,0.000003
15940,0.000800
15960,0.000003
15980,0.000800
16000,0.000003
16020,0.000800
16040,0.000800
16060,0.000820
16080,0.000004
16100,0.000005
16120,0.000004
16140,0.000079
16160,0.000003
16180,0.000003
16200,0.000004
16220,0.000800
16240,0.000003
16260,0.000003
16280,0.000799
16300,0.000799
16320,0.000003
16340,0.000003
16360,0.000003
16380,0.000003
16400,0.000799
16420,0.000003
16440,0.000800
16460,0.000799
16480,0.000003
16500,0.000003
16520,0.000799
16540,0.000800
16560,0.000799
16580,0.000003
16600,0.000003
16620,0.000799
16640,0.000799
16660,0.000003
16680,0.000799
16700,0.000003
16720,0.000003
16740,0.000003
16760,0.000004
16780,0.000003
16800,0.000003
16820,0.000004
16840,0.000003
16860,0.000002
16880,0.000003
16900,0.000003
16920,0.000799
16940,0.000002
16960,0.000003
16980,0.000003
17000,0.000800
17020,0.000800
17040,0.000003
17060,0.000003
17080,0.000800
17100,0.000800
17120,0.000003
17140,0.000800
17160,0.000003
17180,0.000003
17200,0.000800
17220,0.000003
17240,0.000003
17260,0.000800
17280,0.000800
17300,0.000003
17320,0.000003
17340,0.000003
17360,0.001034
17380,0.000002
17400,0.000003
17420,0.000002
17440,0.000801
17460,0.000002
17480,0.000002
17500,0.000800
17520,0.000800
17540,0.000002
17560,0.000003
17580,0.000800
17600,0.001715
17620,0.000003
17640,0.000003
17660,0.000002
17680,0.000801
17700,0.000329
17720,0.000002
17740,0.000002
17760,0.000003
17780,0.000801
17800,0.000801
17820,0.000800
17840,0.000003
17860,0.000800
17880,0.000002
17900,0.000003
17920,0.000800
17940,0.000003
17960,0.000002
17980,0.000002
18000,0.000002
18020,0.000004
18040,0.000002
18060,0.000800
18080,0.000002
18100,0.000003
18120,0.000801
18140,0.000002
18160,0.000003
18180,0.000801
18200,0.000002
18220,0.000002
18240,0.000002
18260,0.000002
18280,0.000002
18300,0.000002
18320,0.000801
18340,0.000801
18360,0.000002
18380,0.000344
18400,0.000002
18420,0.000003
18440,0.000002
18460,0.001043
18480,0.000003
18500,0.000003
18520,0.000801
18540,0.000801
18560,0.000002
18580,0.000800
18600,0.000003
18620,0.000800
18640,0.000002
18660,0.000002
18680,0.000801
18700,0.001713
18720,0.000002
18740,0.000002
18760,0.000002
18780,0.000002
18800,0.000003
18820,0.000002
18840,0.000003
18860,0.000801
18880,0.001720
18900,0.000003
18920,0.000801
18940,0.000801
18960,0.000002
18980,0.000801
19000,0.001712
19020,0.000002
19040,0.000002
19060,0.000801
19080,0.000003
19100,0.000801
19120,0.000003
19140,0.000821
19160,0.000002
19180,0.000002
19200,0.000801
19220,0.000801
19240,0.000002
19260,0.000002
19280,0.000003
19300,0.000003
19320,0.000002
19340,0.000003
19360,0.000002
19380,0.000002
19400,0.000806
19420,0.000003
19440,0.000003
19460,0.000002
19480,0.000003
19500,0.000003
19520,0.000003
19540,0.000802
19560,0.000003
19580,0.000802
19600,0.000003
19620,0.000003
19640,0.000002
19660,0.000802
19680,0.000002
19700,0.000002
19720,0.000002
19740,0.000002
19760,0.000002
19780,0.000801
19800,0.000802
19820,0.000802
19840,0.000802
19860,0.000801
19880,0.000003
19900,0.000003
19920,0.000002
19940,0.000802
19960,0.000002
19980,0.000002
20000,0.001047
20020,0.000003
20040,0.000002
20060,0.000802
20080,0.000002
20100,0.000002
20120,0.000803
20140,0.000002
20160,0.000002
20180,0.000002
20200,0.000802
20220,0.000002
20240,0.000002
20260,0.000002
20280,0.000802
20300,0.000002
20320,0.000002
20340,0.000002
20360,0.000002
20380,0.000002
20400,0.000002
20420,0.000003
20440,0.000002
20460,0.000802
20480,0.000002
20500,0.000802
20520,0.000002
20540,0.000002
20560,0.000002
20580,0.000003
20600,0.000320
20620,0.000003
20640,0.000002
20660,0.000802
20680,0.000802
20700,0.000002
20720,0.000802
20740,0.000002
20760,0.000003
20780,0.000803
20800,0.000803
20820,0.000803
20840,0.000803
20860,0.000803
20880,0.000002
20900,0.000002
20920,0.000002
20940,0.000002
20960,0.000002
20980,0.000002
21000,0.000004
21020,0.000002
21040,0.000002
21060,0.000074
21080,0.000002
21100,0.000002
21120,0.000002
21140,0.000002
21160,0.000002
21180,0.000002
21200,0.000002
21220,0.000002
21240,0.000002
21260,0.001042
21280,0.000002
21300,0.000002
21320,0.000304
21340,0.000802
21360,0.000002
21380,0.000004
21400,0.000003
21420,0.000802
21440,0.000002
21460,0.000002
21480,0.000803
21500,0.000802
21520,0.000002
21540,0.000002
21560,0.000002
21580,0.000002
21600,0.000803
21620,0.000804
21640,0.000803
21660,0.000002
21680,0.000002
21700,0.000003
21720,0.000803
21740,0.000803
21760,0.000002
21780,0.000803
21800,0.000002
21820,0.000803
21840,0.000002
21860,0.000002
21880,0.000002
21900,0.000803
21920,0.000803
21940,0.000803
21960,0.000002
21980,0.000804
22000,0.000002
22020,0.000804
22040,0.001021
22060,0.000002
22080,0.000002
22100,0.000002
22120,0.000002
22140,0.000002
22160,0.000002
22180,0.000803
22200,0.000803
22220,0.000002
22240,0.000803
22260,0.000002
22280,0.000803
22300,0.000003
22320,0.000807
22340,0.000002
22360,0.000002
22380,0.000002
22400,0.000808
22420,0.001018
22440,0.000822
22460,0.000002
22480,0.000003
22500,0.000803
22520,0.000002
22540,0.000002
22560,0.000002
22580,0.000804
22600,0.000002
22620,0.000002
22640,0.000002
22660,0.000002
22680,0.000804
22700,0.000822
22720,0.000002
22740,0.000294
22760,0.000002
22780,0.000804
22800,0.000002
22820,0.000002
22840,0.000804
22860,0.000804
22880,0.944494
22900,0.000002
22920,0.000804
22940,0.000002
22960,0.000803
22980,0.000002
23000,0.000804
23020,0.000002
23040,0.000804
23060,0.000003
23080,0.000002
23100,0.000002
23120,0.000002
23140,0.000002
23160,0.000002
23180,0.000002
23200,0.000003
23220,0.000002
23240,0.000002
23260,0.000804
23280,0.000002
23300,0.000804
23320,0.000804
23340,0.000002
23360,0.000002
23380,0.000002
23400,0.000002
23420,0.000002
23440,0.000002
23460,0.000002
23480,0.000002
23500,0.000002
23520,0.000002
23540,0.000002
23560,0.000003
23580,0.000804
23600,0.000002
23620,0.000002
23640,0.000002
23660,0.000002
23680,0.000002
23700,0.000804
23720,0.000809
23740,0.000804
23760,0.000002
23780,0.000002
23800,0.000002
23820,0.000279
23840,0.000002
23860,0.000804
23880,0.000804
23900,0.000002
23920,0.000002
23940,0.000002
23960,0.000804
23980,0.000002
24000,0.001015
24020,0.000002
24040,0.000002
24060,0.000002
24080,0.000804
24100,0.000002
24120,0.000002
24140,0.000002
24160,0.000804
24180,0.000804
24200,0.000002
24220,0.000002
24240,0.000002
24260,0.000002
24280,0.000805
24300,0.001016
24320,0.000805
24340,0.000804
24360,0.000002
24380,0.000002
24400,0.001014
24420,0.000002
24440,0.000805
24460,0.000805
24480,0.000002
24500,0.000274
24520,0.000002
24540,0.000002
24560,0.000002
24580,0.000002
24600,0.000002
24620,0.000002
24640,0.000805
24660,0.000002
24680,0.000805
24700,0.000002
24720,0.000805
24740,0.000002
24760,0.000805
24780,0.000002
24800,0.000804
24820,0.000002
24840,0.000805
24860,0.000804
24880,0.000002
24900,0.001638
24920,0.000002
24940,0.000805
24960,0.000805
24980,0.000805
25000,0.000282
25020,0.000823
25040,0.000002
25060,0.000002
25080,0.000805
25100,0.000002
25120,0.000002
25140,0.000002
25160,0.000805
25180,0.000002
25200,0.001025
25220,0.000065
25240,0.000002
25260,0.000002
25280,0.000805
25300,0.000804
25320,0.000002
25340,0.000002
25360,0.000002
25380,0.000002
25400,0.000806
25420,0.000002
25440,0.000805
25460,0.000805
25480,0.000002
25500,0.000002
25520,0.001015
25540,0.000806
25560,0.000805
25580,0.000805
25600,0.000003
25620,0.000002
25640,0.000822
25660,0.000002
25680,0.000805
25700,0.000001
25720,0.000002
25740,0.000805
25760,0.000805
25780,0.000002
25800,0.000805
25820,0.000002
25840,0.000805
25860,0.000806
25880,0.000806
25900,0.000806
25920,0.000002
25940,0.000002
25960,0.000001
25980,0.000806
26000,0.000001
26020,0.000002
26040,0.944428
26060,0.000001
26080,0.000001
26100,0.000002
26120,0.000002
26140,0.001626
26160,0.000002
26180,0.000806
26200,0.000001
26220,0.000002
26240,0.000823
26260,0.000001
26280,0.000002
26300,0.000062
26320,0.000002
26340,0.000806
26360,0.000001
26380,0.000001
26400,0.000002
26420,0.000001
26440,0.000002
26460,0.000002
26480,0.000001
26500,0.000002
26520,0.000003
26540,0.000810
26560,0.000001
26580,0.000002
26600,0.000810
26620,0.001625
26640,0.000805
26660,0.000001
26680,0.000806
26700,0.000002
26720,0.000001
26740,0.000806
26760,0.000002
26780,0.000806
26800,0.000002
26820,0.000001
26840,0.000806
26860,0.000002
26880,0.000002
26900,0.000001
26920,0.000806
26940,0.000001
26960,0.000001
26980,0.000001
27000,0.000823
27020,0.000001
27040,0.000002
27060,0.000002
27080,0.000002
27100,0.000806
27120,0.000001
27140,0.000001
27160,0.000002
27180,0.000805
27200,0.000002
27220,0.000805
27240,0.000002
27260,0.000805
27280,0.000001
27300,0.000001
27320,0.000002
27340,0.000001
27360,0.000002
27380,0.000001
27400,0.000002
27420,0.000806
27440,0.000002
27460,0.000002
27480,0.000001
27500,0.000002
27520,0.000002
27540,0.000823
27560,0.000806
27580,0.001020
27600,0.000806
27620,0.000806
27640,0.000002
27660,0.000001
27680,0.000001
27700,0.000002
27720,0.000003
27740,0.000001
27760,0.000001
27780,0.000810
27800,0.000002
27820,0.000001
27840,0.000807
27860,0.000001
27880,0.000001
27900,0.000807
27920,0.000807
27940,0.000003
27960,0.000002
27980,0.000806
28000,0.000001
28020,0.000002
28040,0.000001
28060,0.001615
28080,0.000002
28100,0.000001
28120,0.000806
28140,0.000001
28160,0.000002
28180,0.000002
28200,0.000806
28220,0.000001
28240,0.000003
28260,0.001004
28280,0.000001
28300,0.000001
28320,0.000001
28340,0.000807
28360,0.000001
28380,0.000807
28400,0.000001
28420,0.000001
28440,0.000002
28460,0.000807
28480,0.000807
28500,0.000001
28520,0.000247
28540,0.000807
28560,0.000002
28580,0.000002
28600,0.000807
28620,0.001017
28640,0.000002
28660,0.000002
28680,0.000001
28700,0.000807
28720,0.000807
28740,0.000001
28760,0.000001
28780,0.000807
28800,0.000002
28820,0.000002
28840,0.000002
28860,0.000002
28880,0.000807
28900,0.000002
28920,0.000807
28940,0.000807
28960,0.000001
28980,0.000001
29000,0.000002
29020,0.000807
29040,0.000002
29060,0.000002
29080,0.000808
29100,0.000001
29120,0.000002
29140,0.000002
29160,0.000001
29180,0.000001
29200,0.000002
29220,0.000002
29240,0.000001
29260,0.000001
29280,0.000807
29300,0.000807
29320,0.000003
29340,0.000807
29360,0.000807
29380,0.000001
29400,0.000002
29420,0.000002
29440,0.000002
29460,0.000002
29480,0.000001
29500,0.000237
29520,0.000807
29540,0.000807
29560,0.000001
29580,0.000001
29600,0.000807
29620,0.000002
29640,0.000001
29660,0.001010
29680,0.000002
29700,0.000808
29720,0.000002
29740,0.000807
29760,0.000001
29780,0.000001
29800,0.000002
29820,0.000807
29840,0.000001
29860,0.944390
29880,0.000001
29900,0.000002
29920,0.000807
29940,0.000001
29960,0.000807
29980,0.000800
30000,0.000824
30020,0.000825
30040,0.000001
30060,0.000001
30080,0.000002
30100,0.000002
30120,0.000001
30140,0.000808
30160,0.000808
30180,0.944369
30200,0.000002
30220,0.000808
30240,0.000001
30260,0.000001
30280,0.000808
30300,0.000055
30320,0.001002
30340,0.000807
30360,0.000002
30380,0.000002
30400,0.000002
30420,0.001003
30440,0.000001
30460,0.000001
30480,0.000001
30500,0.000232
30520,0.000001
30540,0.000808
30560,0.000001
30580,0.000807
30600,0.000807
30620,0.000001
30640,0.000001
30660,0.000808
30680,0.000001
30700,0.000003
30720,0.000002
30740,0.000812
30760,0.000002
30780,0.000001
30800,0.000001
30820,0.000808
30840,0.000808
30860,0.000001
30880,0.000001
30900,0.000001
30920,0.000002
30940,0.000001
30960,0.000001
30980,0.000001
31000,0.000807
31020,0.000001
31040,0.000002
31060,0.000808
31080,0.000002
31100,0.000808
31120,0.000808
31140,0.000001
31160,0.000001
31180,0.000002
31200,0.000001
31220,0.000001
31240,0.000002
31260,0.000812
31280,0.000808
31300,0.000002
31320,0.000807
31340,0.000001
31360,0.000001
31380,0.000002
31400,0.000808
31420,0.000001
31440,0.000002
31460,0.000001
31480,0.000001
31500,0.000809
31520,0.000001
31540,0.000809
31560,0.000002
31580,0.000001
31600,0.000001
31620,0.000001
31640,0.000001
31660,0.000001
31680,0.000808
31700,0.000808
31720,0.000808
31740,0.000001
31760,0.000002
31780,0.000001
31800,0.000808
31820,0.000001
31840,0.000001
31860,0.001001
31880,0.000808
31900,0.000002
31920,0.000001
31940,0.000001
31960,0.000001
31980,0.000001
32000,0.000001
32020,0.000001
32040,0.000001
32060,0.000001
32080,0.000001
32100,0.000002
32120,0.000808
32140,0.000001
32160,0.000808
32180,0.000001
32200,0.000808
32220,0.001002
32240,0.000809
32260,0.000801
32280,0.000001
32300,0.000002
32320,0.000001
32340,0.000002
32360,0.000001
32380,0.000001
32400,0.000001
32420,0.000002
32440,0.000809
32460,0.000002
32480,0.000809
32500,0.000002
32520,0.000002
32540,0.000809
32560,0.000801
32580,0.000001
32600,0.000235
32620,0.000001
32640,0.000001
32660,0.000001
32680,0.000809
32700,0.000002
32720,0.000825
32740,0.000809
32760,0.000813
32780,0.000001
32800,0.000001
32820,0.000001
32840,0.000002
32860,0.000001
32880,0.000809
32900,0.000002
32920,0.000809
32940,0.000001
32960,0.000808
32980,0.000993
33000,0.000808
33020,0.000808
33040,0.000001
33060,0.000809
33080,0.000809
33100,0.000001
33120,0.000001
33140,0.000002
33160,0.000808
33180,0.000002
33200,0.000002
33220,0.000001
33240,0.000813
33260,0.000002
33280,0.000001
33300,0.000809
33320,0.000002
33340,0.000001
33360,0.000001
33380,0.000001
33400,0.000809
33420,0.000002
33440,0.000809
33460,0.000809
33480,0.944345
33500,0.000809
33520,0.000002
33540,0.000002
33560,0.000001
33580,0.000809
33600,0.000809
33620,0.000002
33640,0.000809
33660,0.000001
33680,0.000809
33700,0.000001
33720,0.000808
33740,0.000809
33760,0.001554
33780,0.000001
33800,0.000001
33820,0.000809
33840,0.000001
33860,0.000001
33880,0.000001
33900,0.000809
33920,0.000809
33940,0.000001
33960,0.000809
33980,0.001553
34000,0.000001
34020,0.000809
34040,0.000812
34060,0.000809
34080,0.000001
34100,0.000809
34120,0.000001
34140,0.000001
34160,0.000001
34180,0.000001
34200,0.000001
34220,0.000809
34240,0.000809
34260,0.000810
34280,0.000001
34300,0.000001
34320,0.000802
34340,0.000809
34360,0.000810
34380,0.000809
34400,0.000001
34420,0.000001
34440,0.000001
34460,0.000001
34480,0.000809
34500,0.000809
34520,0.000001
34540,0.000809
34560,0.000001
34580,0.000001
34600,0.000809
34620,0.000001
34640,0.000001
34660,0.000001
34680,0.001000
34700,0.000002
34720,0.000001
34740,0.000002
34760,0.000809
34780,0.000001
34800,0.000002
34820,0.000809
34840,0.000809
34860,0.000001
34880,0.000001
34900,0.000002
34920,0.000001
34940,0.000216
34960,0.000001
34980,0.000001
35000,0.000809
35020,0.000001
35040,0.001000
35060,0.000002
35080,0.000001
35100,0.000001
35120,0.000809
35140,0.000810
35160,0.000001
35180,0.000810
35200,0.000810
35220,0.000001
35240,0.000001
35260,0.000001
35280,0.000001
35300,0.000002
35320,0.000001
35340,0.000809
35360,0.000002
35380,0.000001
35400,0.000001
35420,0.001542
35440,0.000001
35460,0.000809
35480,0.000001
35500,0.000001
35520,0.000001
35540,0.000994
35560,0.000002
35580,0.000002
35600,0.000001
35620,0.000001
35640,0.000001
35660,0.000001
35680,0.000001
35700,0.000001
35720,0.000810
35740,0.000001
35760,0.000001
35780,0.000001
35800,0.000811
35820,0.000810
35840,0.000810
35860,0.000001
35880,0.000002
35900,0.000001
35920,0.000001
35940,0.000001
35960,0.000001
35980,0.000001
36000,0.000002
36020,0.000810
36040,0.000002
36060,0.000002
36080,0.000001
36100,0.000002
36120,0.000001
36140,0.000002
36160,0.000810
36180,0.000001
36200,0.000001
36220,0.000001
36240,0.000001
36260,0.000810
36280,0.000001
36300,0.000055
36320,0.000810
36340,0.000001
36360,0.000810
36380,0.000001
36400,0.000001
36420,0.000001
36440,0.000810
36460,0.000001
36480,0.000810
36500,0.000002
36520,0.000813
36540,0.000001
36560,0.000002
36580,0.000994
36600,0.000810
36620,0.000001
36640,0.000001
36660,0.000001
36680,0.000811
36700,0.000811
36720,0.000001
36740,0.000811
36760,0.000001
36780,0.000001
36800,0.000002
36820,0.000001
36840,0.000001
36860,0.000001
36880,0.000001
36900,0.000810
36920,0.000810
36940,0.000810
36960,0.001530
36980,0.000001
37000,0.000810
37020,0.000001
37040,0.000001
37060,0.000810
37080,0.000001
37100,0.000001
37120,0.000810
37140,0.000810
37160,0.000991
37180,0.000810
37200,0.000825
37220,0.000002
37240,0.000810
37260,0.000809
37280,0.000001
37300,0.000810
37320,0.000810
37340,0.000001
37360,0.000803
37380,0.000002
37400,0.000810
37420,0.000001
37440,0.000001
37460,0.000001
37480,0.000001
37500,0.000001
37520,0.000810
37540,0.000001
37560,0.000810
37580,0.000001
37600,0.000810
37620,0.000001
37640,0.000002
37660,0.000002
37680,0.000810
37700,0.000002
37720,0.000213
37740,0.000811
37760,0.000001
37780,0.000810
37800,0.000001
37820,0.000001
37840,0.000002
37860,0.000001
37880,0.000001
37900,0.000811
37920,0.000001
37940,0.000810
37960,0.000001
37980,0.000001
38000,0.000811
38020,0.000001
38040,0.000001
38060,0.000002
38080,0.000001
38100,0.000001
38120,0.000001
38140,0.000001
38160,0.000001
38180,0.000001
38200,0.000001
38220,0.000001
38240,0.000001
38260,0.000207
38280,0.000001
38300,0.000811
38320,0.000001
38340,0.000002
38360,0.000001
38380,0.000001
38400,0.000811
38420,0.000811
38440,0.000811
38460,0.000811
38480,0.000001
38500,0.000811
38520,0.000811
38540,0.000811
38560,0.000811
38580,0.000002
38600,0.000811
38620,0.000001
38640,0.000001
38660,0.000001
38680,0.000001
38700,0.000001
38720,0.000002
38740,0.000001
38760,0.000811
38780,0.000001
38800,0.000001
38820,0.000001
38840,0.000001
38860,0.000002
38880,0.000811
38900,0.000049
38920,0.000811
38940,0.001522
38960,0.000001
38980,0.000811
39000,0.000001
39020,0.000811
39040,0.000811
39060,0.000001
39080,0.000001
39100,0.000811
39120,0.000001
39140,0.000812
39160,0.000206
39180,0.000812
39200,0.000001
39220,0.000001
39240,0.000811
39260,0.000002
39280,0.000001
39300,0.000001
39320,0.000001
39340,0.000818
39360,0.000001
39380,0.000811
39400,0.000002
39420,0.000811
39440,0.000002
39460,0.000001
39480,0.000001
39500,0.000001
39520,0.000002
39540,0.000001
39560,0.000001
39580,0.000001
39600,0.000001
39620,0.000815
39640,0.000812
39660,0.000812
39680,0.000001
39700,0.000001
39720,0.000001
39740,0.000811
39760,0.000001
39780,0.000811
39800,0.000811
39820,0.000811
39840,0.000001
39860,0.000001
39880,0.000811
39900,0.000001
39920,0.000001
39940,0.000001
39960,0.000001
39980,0.000001
40000,0.000811
40020,0.000811
40040,0.000001
40060,0.000001
40080,0.000811
40100,0.000811
40120,0.000812
40140,0.000001
40160,0.000001
40180,0.000001
40200,0.000987
40220,0.000001
40240,0.000001
40260,0.000001
40280,0.000001
40300,0.000204
40320,0.000811
40340,0.000812
40360,0.000811
40380,0.000203
40400,0.000986
40420,0.000001
40440,0.000001
40460,0.000002
40480,0.000001
40500,0.000812
40520,0.000002
40540,0.000804
40560,0.000001
40580,0.000812
40600,0.000001
40620,0.000001
40640,0.000812
40660,0.000001
40680,0.000209
40700,0.000001
40720,0.000001
40740,0.000001
40760,0.000811
40780,0.000001
40800,0.000812
40820,0.000001
40840,0.000001
40860,0.000001
40880,0.000001
40900,0.000812
40920,0.000001
40940,0.000812
40960,0.000826
40980,0.000812
41000,0.000001
41020,0.000001
41040,0.000001
41060,0.000001
41080,0.000001
41100,0.000001
41120,0.000001
41140,0.000812
41160,0.944269
41180,0.000812
41200,0.000812
41220,0.000812
41240,0.000001
41260,0.000001
41280,0.000001
41300,0.000812
41320,0.000002
41340,0.000811
41360,0.000812
41380,0.000001
41400,0.000001
41420,0.000811
41440,0.000001
41460,0.001509
41480,0.000001
41500,0.000001
41520,0.000811
41540,0.000811
41560,0.000811
41580,0.000001
41600,0.000812
41620,0.000001
41640,0.000001
41660,0.000812
41680,0.000002
41700,0.001501
41720,0.000812
41740,0.000001
41760,0.000001
41780,0.000001
41800,0.000812
41820,0.000001
41840,0.000812
41860,0.000001
41880,0.000001
41900,0.000001
41920,0.000001
41940,0.000812
41960,0.001502
41980,0.000001
42000,0.000001
42020,0.000812
42040,0.000982
42060,0.000812
42080,0.000001
42100,0.000001
42120,0.000001
42140,0.000001
42160,0.000001
42180,0.000812
42200,0.000002
42220,0.000001
42240,0.000001
42260,0.000001
42280,0.000812
42300,0.000001
42320,0.000001
42340,0.000002
42360,0.000001
42380,0.000001
42400,0.000001
42420,0.000001
42440,0.000813
42460,0.944233
42480,0.000001
42500,0.000001
42520,0.000813
42540,0.000001
42560,0.000983
42580,0.000001
42600,0.000001
42620,0.000813
42640,0.000813
42660,0.000001
42680,0.000001
42700,0.000813
42720,0.000813
42740,0.000001
42760,0.000813
42780,0.000001
42800,0.000813
42820,0.000001
42840,0.000001
42860,0.000001
42880,0.000001
42900,0.000001
42920,0.000001
42940,0.000001
42960,0.000813
42980,0.000813
43000,0.000001
43020,0.000001
43040,0.000001
43060,0.000001
43080,0.000813
43100,0.000001
43120,0.000002
43140,0.000813
43160,0.000813
43180,0.000001
43200,0.000201
43220,0.000812
43240,0.000001
43260,0.000001
43280,0.000812
43300,0.000001
43320,0.000813
43340,0.000001
43360,0.000001
43380,0.000001
43400,0.000001
43420,0.000813
43440,0.000001
43460,0.000001
43480,0.000001
43500,0.000813
43520,0.944238
43540,0.000002
43560,0.000001
43580,0.000813
43600,0.000001
43620,0.000188
43640,0.000001
43660,0.000001
43680,0.000001
43700,0.000001
43720,0.000813
43740,0.000001
43760,0.000001
43780,0.000001
43800,0.000813
43820,0.000813
43840,0.000001
43860,0.000001
43880,0.000001
43900,0.000001
43920,0.000813
43940,0.000001
43960,0.000001
43980,0.000001
44000,0.000001
44020,0.000001
44040,0.000001
44060,0.000002
44080,0.000805
44100,0.000813
44120,0.000001
44140,0.000001
44160,0.000813
44180,0.000001
44200,0.000002
44220,0.000002
44240,0.000001
44260,0.000813
44280,0.000001
44300,0.000001
44320,0.000813
44340,0.000813
44360,0.000001
44380,0.000001
44400,0.000001
44420,0.000001
44440,0.000982
44460,0.000001
44480,0.000001
44500,0.000001
44520,0.000001
44540,0.000001
44560,0.000813
44580,0.000001
44600,0.000001
44620,0.000813
44640,0.000001
44660,0.000827
44680,0.000813
44700,0.944228
44720,0.000192
44740,0.000001
44760,0.000001
44780,0.000001
44800,0.000001
44820,0.000813
44840,0.000813
44860,0.000813
44880,0.000001
44900,0.000982
44920,0.000001
44940,0.000001
44960,0.000001
44980,0.000001
45000,0.000001
45020,0.000001
45040,0.000001
45060,0.000001
45080,0.000001
45100,0.000001
45120,0.000813
45140,0.000001
45160,0.000001
45180,0.000813
45200,0.000813
45220,0.000001
45240,0.000001
45260,0.000001
45280,0.000813
45300,0.000001
45320,0.000001
45340,0.000001
45360,0.000001
45380,0.000001
45400,0.000814
45420,0.000001
45440,0.000001
45460,0.000001
45480,0.000001
45500,0.000814
45520,0.000814
45540,0.000806
45560,0.000001
45580,0.000813
45600,0.000001
45620,0.000001
45640,0.000001
45660,0.000001
45680,0.000813
45700,0.000813
45720,0.000001
45740,0.000813
45760,0.000001
45780,0.000001
45800,0.000814
45820,0.000001
45840,0.000001
45860,0.000813
45880,0.000813
45900,0.000813
45920,0.000001
45940,0.000814
45960,0.000813
45980,0.000001
46000,0.000001
46020,0.000002
46040,0.000980
46060,0.000813
46080,0.000813
46100,0.000001
46120,0.000001
46140,0.000001
46160,0.000001
46180,0.000813
46200,0.000001
46220,0.000813
46240,0.000813
46260,0.000001
46280,0.000813
46300,0.000043
46320,0.000813
46340,0.000814
46360,0.000813
46380,0.000813
46400,0.000001
46420,0.000813
46440,0.000001
46460,0.000001
46480,0.000813
46500,0.000001
46520,0.000814
46540,0.944205
46560,0.000181
46580,0.000001
46600,0.000001
46620,0.000001
46640,0.000814
46660,0.000001
46680,0.000001
46700,0.000814
46720,0.000001
46740,0.000001
46760,0.000001
46780,0.944192
46800,0.000001
46820,0.000982
46840,0.000001
46860,0.000001
46880,0.000001
46900,0.000001
46920,0.000001
46940,0.000814
46960,0.000001
46980,0.000001
47000,0.000813
47020,0.000001
47040,0.000001
47060,0.000001
47080,0.001474
47100,0.000002
47120,0.000001
47140,0.000001
47160,0.000001
47180,0.000001
47200,0.000001
47220,0.000977
47240,0.000815
47260,0.000815
47280,0.000001
47300,0.000001
47320,0.000001
47340,0.000001
47360,0.000814
47380,0.000001
47400,0.000001
47420,0.000814
47440,0.000814
47460,0.000001
47480,0.000814
47500,0.000001
47520,0.000814
47540,0.000815
47560,0.000001
47580,0.000001
47600,0.000002
47620,0.000814
47640,0.000186
47660,0.000814
47680,0.000814
47700,0.000001
47720,0.000001
47740,0.000001
47760,0.000814
47780,0.000001
47800,0.000001
47820,0.000815
47840,0.000001
47860,0.000001
47880,0.000001
47900,0.000001
47920,0.000001
47940,0.000814
47960,0.000001
47980,0.000001
48000,0.000001
48020,0.000001
48040,0.000001
48060,0.000814
48080,0.000814
48100,0.000001
48120,0.000001
48140,0.000815
48160,0.000001
48180,0.000001
48200,0.000001
48220,0.001466
48240,0.000001
48260,0.000001
48280,0.000001
48300,0.000814
48320,0.000001
48340,0.000001
48360,0.000001
48380,0.000001
48400,0.000001
48420,0.000817
48440,0.000814
48460,0.001465
48480,0.000815
48500,0.000815
48520,0.000814
48540,0.000001
48560,0.000814
48580,0.000001
48600,0.000001
48620,0.000001
48640,0.000001
48660,0.000814
48680,0.000042
48700,0.000814
48720,0.000814
48740,0.000002
48760,0.000182
48780,0.000814
48800,0.000001
48820,0.000814
48840,0.000001
48860,0.000973
48880,0.000814
48900,0.944200
48920,0.000002
48940,0.000001
48960,0.000001
48980,0.000814
49000,0.000042
49020,0.000001
49040,0.000001
49060,0.000814
49080,0.001463
49100,0.000814
49120,0.000001
49140,0.000001
49160,0.000001
49180,0.000001
49200,0.000001
49220,0.000001
49240,0.000001
49260,0.000814
49280,0.000001
49300,0.000001
49320,0.000001
49340,0.000815
49360,0.000001
49380,0.000001
49400,0.000001
49420,0.000001
49440,0.000814
49460,0.000814
49480,0.000814
49500,0.000001
49520,0.000001
49540,0.000001
49560,0.000001
49580,0.000814
49600,0.000001
49620,0.000001
49640,0.000815
49660,0.000001
49680,0.000001
49700,0.000001
49720,0.000973
49740,0.000001
49760,0.000001
49780,0.000001
49800,0.000001
49820,0.000001
49840,0.000815
49860,0.000001
49880,0.000001
49900,0.000815
49920,0.000001
49940,0.000001
49960,0.000002
49980,0.000815
50000,0.000001
50020,0.000815
50040,0.000815
50060,0.000175
50080,0.000001
50100,0.000001
50120,0.000815
50140,0.000001
50160,0.000815
50180,0.000815
50200,0.000001
50220,0.000001
50240,0.000001
50260,0.000001
50280,0.000001
50300,0.000815
50320,0.000001
50340,0.000001
50360,0.001457
50380,0.000001
50400,0.000815
50420,0.000001
50440,0.000815
50460,0.000001
50480,0.000001
50500,0.000815
50520,0.000815
50540,0.000001
50560,0.000001
50580,0.944186
50600,0.000977
50620,0.000001
50640,0.000001
50660,0.000815
50680,0.000001
50700,0.000828
50720,0.000815
50740,0.000001
50760,0.000177
50780,0.000001
50800,0.000815
50820,0.000001
50840,0.001454
50860,0.000001
50880,0.000001
50900,0.000816
50920,0.000816
50940,0.000001
50960,0.000001
50980,0.000001
51000,0.001450
51020,0.000001
51040,0.000001
51060,0.000001
51080,0.000815
51100,0.000815
51120,0.000001
51140,0.000816
51160,0.000001
51180,0.000001
51200,0.000001
51220,0.000001
51240,0.000001
51260,0.000178
51280,0.000001
51300,0.000001
51320,0.000001
51340,0.000815
51360,0.000815
51380,0.000001
51400,0.000001
51420,0.000815
51440,0.000829
51460,0.000816
51480,0.000815
51500,0.000001
51520,0.000001
51540,0.000815
51560,0.000815
51580,0.000001
51600,0.001452
51620,0.000815
51640,0.000815
51660,0.000815
51680,0.000816
51700,0.000829
51720,0.000815
51740,0.000001
51760,0.000001
51780,0.000815
51800,0.000001
51820,0.000001
51840,0.000001
51860,0.000001
51880,0.000815
51900,0.000816
51920,0.000001
51940,0.000001
51960,0.000001
51980,0.000001
52000,0.000001
52020,0.000815
52040,0.000001
52060,0.000001
52080,0.000815
52100,0.000001
52120,0.000001
52140,0.000815
52160,0.000001
52180,0.000828
52200,0.000001
52220,0.000970
52240,0.000001
52260,0.000808
52280,0.000001
52300,0.000815
52320,0.000001
52340,0.000815
52360,0.000001
52380,0.000001
52400,0.000816
52420,0.000816
52440,0.000001
52460,0.000815
52480,0.000001
52500,0.000001
52520,0.001449
52540,0.000815
52560,0.000001
52580,0.000001
52600,0.000001
52620,0.000001
52640,0.000001
52660,0.000001
52680,0.000001
52700,0.000815
52720,0.000816
52740,0.000001
52760,0.000001
52780,0.000816
52800,0.000815
52820,0.000001
52840,0.000816
52860,0.000001
52880,0.000816
52900,0.000001
52920,0.000001
52940,0.000001
52960,0.000001
52980,0.000001
53000,0.000816
53020,0.000816
53040,0.000815
53060,0.000001
53080,0.000001
53100,0.000001
53120,0.000001
53140,0.000001
53160,0.000001
53180,0.000039
53200,0.000001
53220,0.000816
53240,0.000001
53260,0.000001
53280,0.000816
53300,0.000816
53320,0.000816
53340,0.000001
53360,0.000816
53380,0.944135
53400,0.000001
53420,0.000001
53440,0.000001
53460,0.000001
53480,0.000001
53500,0.000001
53520,0.000816
53540,0.000001
53560,0.000001
53580,0.000001
53600,0.000816
53620,0.000001
53640,0.000816
53660,0.000001
53680,0.000001
53700,0.000001
53720,0.000816
53740,0.000001
53760,0.000001
53780,0.000816
53800,0.000816
53820,0.000001
53840,0.000001
53860,0.000001
53880,0.000001
53900,0.000001
53920,0.000001
53940,0.000001
53960,0.000001
53980,0.000816
54000,0.000001
54020,0.000815
54040,0.000816
54060,0.000001
54080,0.000001
54100,0.000001
54120,0.000816
54140,0.000001
54160,0.000815
54180,0.000816
54200,0.000815
54220,0.000816
54240,0.000001
54260,0.000171
54280,0.000001
54300,0.000001
54320,0.000001
54340,0.000816
54360,0.000001
54380,0.000973
54400,0.000001
54420,0.000816
54440,0.000815
54460,0.000001
54480,0.000001
54500,0.000001
54520,0.000001
54540,0.000816
54560,0.000001
54580,0.000816
54600,0.000001
54620,0.000816
54640,0.000001
54660,0.000816
54680,0.000001
54700,0.000816
54720,0.000001
54740,0.000816
54760,0.000001
54780,0.000001
54800,0.000816
54820,0.000001
54840,0.000816
54860,0.000001
54880,0.000816
54900,0.000001
54920,0.000817
54940,0.000001
54960,0.000001
54980,0.000001
55000,0.000001
55020,0.000001
55040,0.000001
55060,0.000966
55080,0.000001
55100,0.000816
55120,0.000001
55140,0.000001
55160,0.000001
55180,0.000816
55200,0.000169
55220,0.000966
55240,0.000001
55260,0.000001
55280,0.000001
55300,0.000817
55320,0.000001
55340,0.000001
55360,0.000817
55380,0.000001
55400,0.000001
55420,0.000001
55440,0.000163
55460,0.000001
55480,0.000817
55500,0.000817
55520,0.000817
55540,0.000001
55560,0.000817
55580,0.000001
55600,0.000001
55620,0.000816
55640,0.000817
55660,0.000001
55680,0.000001
55700,0.000001
55720,0.000001
55740,0.000001
55760,0.000818
55780,0.000001
55800,0.000817
55820,0.000001
55840,0.000001
55860,0.000817
55880,0.000001
55900,0.001436
55920,0.000817
55940,0.000001
55960,0.000001
55980,0.000001
56000,0.000817
56020,0.000038
56040,0.000001
56060,0.000817
56080,0.001433
56100,0.000001
56120,0.000001
56140,0.000001
56160,0.000001
56180,0.000816
56200,0.000001
56220,0.000817
56240,0.000817
56260,0.000971
56280,0.000001
56300,0.000001
56320,0.000817
56340,0.000816
56360,0.000001
56380,0.000001
56400,0.000001
56420,0.000816
56440,0.000816
56460,0.000001
56480,0.000819
56500,0.000001
56520,0.000001
56540,0.000001
56560,0.000001
56580,0.000001
56600,0.000001
56620,0.000001
56640,0.000001
56660,0.000001
56680,0.000001
56700,0.000001
56720,0.000001
56740,0.000001
56760,0.000001
56780,0.000001
56800,0.000001
56820,0.000001
56840,0.000817
56860,0.000817
56880,0.000001
56900,0.000817
56920,0.000817
56940,0.000001
56960,0.000001
56980,0.000001
57000,0.000001
57020,0.000001
57040,0.000816
57060,0.000001
57080,0.000001
57100,0.000817
57120,0.000001
57140,0.000817
57160,0.000001
57180,0.000001
57200,0.000001
57220,0.000001
57240,0.000817
57260,0.000817
57280,0.000001
57300,0.000817
57320,0.000001
57340,0.000817
57360,0.000001
57380,0.000001
57400,0.000001
57420,0.000817
57440,0.000817
57460,0.000001
57480,0.000001
57500,0.000001
57520,0.000001
57540,0.000001
57560,0.000001
57580,0.000817
57600,0.000001
57620,0.000001
57640,0.000001
57660,0.000001
57680,0.000001
57700,0.000001
57720,0.000001
57740,0.944100
57760,0.000817
57780,0.000001
57800,0.000818
57820,0.000001
57840,0.000820
57860,0.000001
57880,0.000001
57900,0.000830
57920,0.000818
57940,0.000818
57960,0.000001
57980,0.000001
58000,0.000001
58020,0.000001
58040,0.001422
58060,0.000001
58080,0.000001
58100,0.000001
58120,0.000001
58140,0.000817
58160,0.000001
58180,0.000001
58200,0.000817
58220,0.000001
58240,0.000001
58260,0.000817
58280,0.000817
58300,0.000817
58320,0.000001
58340,0.000001
58360,0.000001
58380,0.000001
58400,0.000829
58420,0.000001
58440,0.000001
58460,0.000163
58480,0.000001
58500,0.000001
58520,0.000001
58540,0.000001
58560,0.000817
58580,0.000001
58600,0.000001
58620,0.000001
58640,0.000001
58660,0.000818
58680,0.944096
58700,0.000817
58720,0.000001
58740,0.000001
58760,0.000001
58780,0.000817
58800,0.000001
58820,0.000001
58840,0.000817
58860,0.000001
58880,0.000001
58900,0.000001
58920,0.000817
58940,0.000969
58960,0.000001
58980,0.000001
59000,0.000002
59020,0.000001
59040,0.000001
59060,0.000001
59080,0.000817
59100,0.000817
59120,0.000001
59140,0.000036
59160,0.000817
59180,0.000817
59200,0.000001
59220,0.000001
59240,0.000001
59260,0.000156
59280,0.000001
59300,0.000001
59320,0.000001
59340,0.000001
59360,0.000817
59380,0.000001
59400,0.000001
59420,0.000817
59440,0.000001
59460,0.000817
59480,0.000817
59500,0.000817
59520,0.000001
59540,0.000817
59560,0.000001
59580,0.000001
59600,0.944113
59620,0.000001
59640,0.000001
59660,0.000818
59680,0.000001
59700,0.000001
59720,0.000001
59740,0.000001
59760,0.000001
59780,0.000817
59800,0.000001
59820,0.000001
59840,0.000001
59860,0.000830
59880,0.000001
59900,0.000001
59920,0.000001
59940,0.000001
59960,0.000817
59980,0.000036
60000,0.000001
60020,0.000817
60040,0.000817
60060,0.000001
60080,0.000817
60100,0.000001
60120,0.000817
60140,0.000818
60160,0.000001
60180,0.000818
60200,0.000818
60220,0.000818
60240,0.000001
60260,0.000818
60280,0.000818
60300,0.000001
60320,0.000001
60340,0.000001
60360,0.000817
60380,0.000001
60400,0.000818
60420,0.000001
60440,0.000001
60460,0.000830
60480,0.000001
60500,0.000817
60520,0.000817
60540,0.000818
60560,0.000818
60580,0.000818
60600,0.000818
60620,0.000001
60640,0.944097
60660,0.000001
60680,0.000817
60700,0.000001
60720,0.000001
60740,0.000818
60760,0.000002
60780,0.000959
60800,0.000818
60820,0.000001
60840,0.000001
60860,0.000001
60880,0.000001
60900,0.000001
60920,0.000036
60940,0.000001
60960,0.000001
60980,0.000001
61000,0.000001
61020,0.000001
61040,0.000001
61060,0.000001
61080,0.000818
61100,0.000818
61120,0.000002
61140,0.000818
61160,0.000001
61180,0.000001
61200,0.000818
61220,0.000001
61240,0.000036
61260,0.000001
61280,0.000001
61300,0.000001
61320,0.000001
61340,0.000001
61360,0.000817
61380,0.000818
61400,0.000001
61420,0.000001
61440,0.000001
61460,0.000818
61480,0.000001
61500,0.000818
61520,0.001413
61540,0.000001
61560,0.000001
61580,0.000001
61600,0.000001
61620,0.000001
61640,0.000818
61660,0.000818
61680,0.000001
61700,0.000001
61720,0.000001
61740,0.000001
61760,0.000001
61780,0.000818
61800,0.000001
61820,0.000001
61840,0.000001
61860,0.000817
61880,0.000818
61900,0.000001
61920,0.000817
61940,0.000001
61960,0.000818
61980,0.000818
62000,0.000965
62020,0.000001
62040,0.000001
62060,0.000001
62080,0.000001
62100,0.000959
62120,0.000001
62140,0.000818
62160,0.000001
62180,0.001409
62200,0.000818
62220,0.944089
62240,0.001408
62260,0.000001
62280,0.000001
62300,0.000001
62320,0.000818
62340,0.000819
62360,0.000001
62380,0.000818
62400,0.000001
62420,0.000817
62440,0.000001
62460,0.000001
62480,0.000001
62500,0.000001
62520,0.001406
62540,0.000001
62560,0.000818
62580,0.000001
62600,0.000001
62620,0.000001
62640,0.000001
62660,0.000001
62680,0.000155
62700,0.000001
62720,0.000001
62740,0.000001
62760,0.000818
62780,0.001408
62800,0.000001
62820,0.000035
62840,0.000819
62860,0.000001
62880,0.000001
62900,0.000001
62920,0.000001
62940,0.000819
62960,0.000001
62980,0.000819
63000,0.000001
63020,0.000001
63040,0.000001
63060,0.000001
63080,0.000819
63100,0.000819
63120,0.000819
63140,0.000001
63160,0.000001
63180,0.000819
63200,0.000001
63220,0.000818
63240,0.000818
63260,0.000001
63280,0.000001
63300,0.000001
63320,0.000001
63340,0.000001
63360,0.000001
63380,0.000821
63400,0.000001
63420,0.000001
63440,0.000001
63460,0.000001
63480,0.000001
63500,0.000001
63520,0.000001
63540,0.000819
63560,0.000001
63580,0.000001
63600,0.000818
63620,0.000001
63640,0.000818
63660,0.000818
63680,0.000001
63700,0.000001
63720,0.000035
63740,0.000818
63760,0.000001
63780,0.000001
63800,0.000001
63820,0.000818
63840,0.000001
63860,0.000818
63880,0.000001
63900,0.000001
63920,0.000818
63940,0.000819
63960,0.000818
63980,0.000001
64000,0.000818
64020,0.000818
64040,0.000819
64060,0.000819
64080,0.000001
64100,0.000001
64120,0.000001
64140,0.000818
64160,0.000964
64180,0.000818
64200,0.000001
64220,0.000818
64240,0.000001
64260,0.000819
64280,0.000001
64300,0.000819
64320,0.000001
64340,0.000001
64360,0.000819
64380,0.001395
64400,0.000001
64420,0.000001
64440,0.000001
64460,0.000001
64480,0.000001
64500,0.000819
64520,0.000819
64540,0.000001
64560,0.000001
64580,0.000819
64600,0.000001
64620,0.000830
64640,0.000001
64660,0.000001
64680,0.000001
64700,0.000819
64720,0.000001
64740,0.000819
64760,0.000001
64780,0.000001
64800,0.000001
64820,0.000001
64840,0.000819
64860,0.000819
64880,0.000035
64900,0.000819
64920,0.000001
64940,0.000001
64960,0.000001
64980,0.000001
65000,0.000001
65020,0.000819
65040,0.000001
65060,0.000001
65080,0.000819
65100,0.000001
65120,0.000001
65140,0.000001
65160,0.000818
65180,0.000001
65200,0.000001
65220,0.000818
65240,0.000819
65260,0.000001
65280,0.000001
65300,0.000001
65320,0.000001
65340,0.000001
65360,0.000001
65380,0.000001
65400,0.000001
65420,0.000819
65440,0.000001
65460,0.000001
65480,0.000963
65500,0.000001
65520,0.000001
65540,0.001402
65560,0.000001
65580,0.000820
65600,0.000001
65620,0.000001
65640,0.000819
65660,0.000000
65680,0.000000
65700,0.000001
65720,0.000001
65740,0.000820
65760,0.000001
65780,0.000820
65800,0.000001
65820,0.000001
65840,0.000001
65860,0.000821
65880,0.000819
65900,0.000001
65920,0.000819
65940,0.000001
65960,0.000818
65980,0.000001
66000,0.000001
66020,0.000819
66040,0.000001
66060,0.000001
66080,0.000001
66100,0.000001
66120,0.000001
66140,0.000001
66160,0.000001
66180,0.000001
66200,0.000819
66220,0.000819
66240,0.000001
66260,0.000001
66280,0.000000
66300,0.000001
66320,0.000000
66340,0.000001
66360,0.000001
66380,0.000001
66400,0.000001
66420,0.000819
66440,0.000819
66460,0.000819
66480,0.000001
66500,0.000001
66520,0.000820
66540,0.000822
66560,0.000001
66580,0.000000
66600,0.000001
66620,0.000001
66640,0.000819
66660,0.000821
66680,0.000819
66700,0.000831
66720,0.000819
66740,0.000001
66760,0.000001
66780,0.000819
66800,0.000819
66820,0.000819
66840,0.000001
66860,0.000001
66880,0.000819
66900,0.000000
66920,0.000819
66940,0.000001
66960,0.000001
66980,0.000001
67000,0.000001
67020,0.000001
67040,0.000001
67060,0.000819
67080,0.000001
67100,0.000819
67120,0.000819
67140,0.000001
67160,0.000001
67180,0.000001
67200,0.000001
67220,0.000001
67240,0.000001
67260,0.000001
67280,0.001389
67300,0.000001
67320,0.000001
67340,0.000831
67360,0.000000
67380,0.000000
67400,0.000001
67420,0.000819
67440,0.000001
67460,0.000001
67480,0.000819
67500,0.000819
67520,0.000001
67540,0.000001
67560,0.000819
67580,0.000001
67600,0.000819
67620,0.000000
67640,0.000001
67660,0.944034
67680,0.000001
67700,0.000000
67720,0.000001
67740,0.000001
67760,0.000001
67780,0.000952
67800,0.000001
67820,0.000001
67840,0.000819
67860,0.000819
67880,0.000819
67900,0.000001
67920,0.000001
67940,0.000001
67960,0.000000
67980,0.000001
68000,0.000001
68020,0.000820
68040,0.000820
68060,0.000000
68080,0.000820
68100,0.000001
68120,0.000820
68140,0.000820
68160,0.000001
68180,0.000820
68200,0.000000
68220,0.000001
68240,0.000001
68260,0.000819
68280,0.000001
68300,0.000819
68320,0.000819
68340,0.000820
68360,0.000001
68380,0.000001
68400,0.000819
68420,0.944040
68440,0.000000
68460,0.000819
68480,0.000001
68500,0.000820
68520,0.000000
68540,0.000001
68560,0.000001
68580,0.000951
68600,0.000819
68620,0.000001
68640,0.000001
68660,0.000000
68680,0.000819
68700,0.000819
68720,0.944057
68740,0.000000
68760,0.000001
68780,0.000000
68800,0.000001
68820,0.000001
68840,0.000001
68860,0.000001
68880,0.000819
68900,0.001380
68920,0.000001
68940,0.001383
68960,0.000819
68980,0.000000
69000,0.000001
69020,0.000001
69040,0.944063
69060,0.000820
69080,0.000001
69100,0.000001
69120,0.000000
69140,0.000819
69160,0.000001
69180,0.000000
69200,0.000820
69220,0.000961
69240,0.000000
69260,0.000820
69280,0.000819
69300,0.000001
69320,0.000000
69340,0.000001
69360,0.000001
69380,0.000000
69400,0.000001
69420,0.000001
69440,0.000001
69460,0.000000
69480,0.000001
69500,0.000000
69520,0.000820
69540,0.000820
69560,0.000000
69580,0.000001
69600,0.000000
69620,0.000000
69640,0.000001
69660,0.000820
69680,0.000001
69700,0.000001
69720,0.000001
69740,0.944026
69760,0.000820
69780,0.000000
69800,0.000001
69820,0.000001
69840,0.000000
69860,0.000001
69880,0.000001
69900,0.000000
69920,0.000001
69940,0.000000
69960,0.000001
69980,0.000001
70000,0.000001
70020,0.000001
70040,0.000000
70060,0.000819
70080,0.000001
70100,0.000001
70120,0.000001
70140,0.000001
70160,0.000001
70180,0.000819
70200,0.000000
70220,0.000001
70240,0.000820
70260,0.000001
70280,0.000000
70300,0.000820
70320,0.000001
70340,0.000820
70360,0.000960
70380,0.000001
70400,0.000001
70420,0.000001
70440,0.000001
70460,0.944024
70480,0.000000
70500,0.000001
70520,0.000000
70540,0.000820
70560,0.000820
70580,0.000000
70600,0.000001
70620,0.000033
70640,0.000820
70660,0.000001
70680,0.000820
70700,0.000000
70720,0.000000
70740,0.000820
70760,0.000001
70780,0.000001
70800,0.000000
70820,0.000820
70840,0.000001
70860,0.000000
70880,0.000001
70900,0.000001
70920,0.000822
70940,0.000000
70960,0.000820
70980,0.000001
71000,0.000820
71020,0.000000
71040,0.000001
71060,0.000001
71080,0.000001
71100,0.000001
71120,0.000000
71140,0.000820
71160,0.000000
71180,0.000820
71200,0.000820
71220,0.000820
71240,0.000820
71260,0.000001
71280,0.000001
71300,0.000820
71320,0.000139
71340,0.000812
71360,0.000000
71380,0.000000
71400,0.000000
71420,0.000001
71440,0.000820
71460,0.000001
71480,0.000820
71500,0.000820
71520,0.000001
71540,0.000139
71560,0.000001
71580,0.000000
71600,0.000000
71620,0.000000
71640,0.000820
71660,0.000820
71680,0.000821
71700,0.000001
71720,0.000000
71740,0.000000
71760,0.000001
71780,0.000001
71800,0.000820
71820,0.000001
71840,0.000001
71860,0.000001
71880,0.000820
71900,0.000001
71920,0.000820
71940,0.000001
71960,0.000820
71980,0.000821
72000,0.000001
72020,0.000821
72040,0.000000
72060,0.000001
72080,0.000821
72100,0.000001
72120,0.000000
72140,0.000000
72160,0.000001
72180,0.000000
72200,0.000821
72220,0.000821
72240,0.000001
72260,0.000821
72280,0.000821
72300,0.000821
72320,0.000000
72340,0.000001
72360,0.000000
72380,0.000820
72400,0.000820
72420,0.000001
72440,0.000000
72460,0.000820
72480,0.000001
72500,0.000000
72520,0.000001
72540,0.000820
72560,0.000001
72580,0.000000
72600,0.000000
72620,0.000001
72640,0.000821
72660,0.000001
72680,0.000000
72700,0.000821
72720,0.000821
72740,0.000001
72760,0.000001
72780,0.000820
72800,0.000001
72820,0.000000
72840,0.000000
72860,0.000821
72880,0.000000
72900,0.000820
72920,0.000001
72940,0.000000
72960,0.000000
72980,0.000001
73000,0.000001
73020,0.000000
73040,0.000001
73060,0.000001
73080,0.000958
73100,0.000820
73120,0.000001
73140,0.000001
73160,0.000820
73180,0.000820
73200,0.000813
73220,0.000820
73240,0.000000
73260,0.000813
73280,0.000821
73300,0.000821
73320,0.000000
73340,0.000001
73360,0.000000
73380,0.000001
73400,0.000000
73420,0.000001
73440,0.000001
73460,0.000000
73480,0.000000
73500,0.000001
73520,0.000821
73540,0.000001
73560,0.000001
73580,0.000001
73600,0.000820
73620,0.000001
73640,0.000821
73660,0.000831
73680,0.000000
73700,0.000032
73720,0.000001
73740,0.000001
73760,0.000821
73780,0.000832
73800,0.000001
73820,0.000001
73840,0.000823
73860,0.000821
73880,0.000000
73900,0.000821
73920,0.000001
73940,0.000821
73960,0.000947
73980,0.000000
74000,0.000000
74020,0.000000
74040,0.000000
74060,0.000820
74080,0.000000
74100,0.000000
74120,0.000001
74140,0.000820
74160,0.000820
74180,0.000958
74200,0.000001
74220,0.000001
74240,0.000000
74260,0.000821
74280,0.000001
74300,0.000821
74320,0.000000
74340,0.000820
74360,0.000821
74380,0.944012
74400,0.000821
74420,0.000000
74440,0.000001
74460,0.000821
74480,0.000000
74500,0.000000
74520,0.000001
74540,0.000821
74560,0.000000
74580,0.000821
74600,0.000821
74620,0.000821
74640,0.000821
74660,0.000001
74680,0.000821
74700,0.000001
74720,0.943996
74740,0.000000
74760,0.000001
74780,0.000001
74800,0.000000
74820,0.000000
74840,0.000001
74860,0.000000
74880,0.001364
74900,0.000821
74920,0.000821
74940,0.000821
74960,0.000001
74980,0.000001
75000,0.000001
75020,0.000000
75040,0.000001
75060,0.000001
75080,0.000820
75100,0.000821
75120,0.000001
75140,0.000001
75160,0.000946
75180,0.000001
75200,0.000001
75220,0.000001
75240,0.000000
75260,0.000001
75280,0.000000
75300,0.001361
75320,0.000000
75340,0.000000
75360,0.000000
75380,0.000000
75400,0.000000
75420,0.000000
75440,0.000820
75460,0.000001
75480,0.000001
75500,0.000820
75520,0.000821
75540,0.000820
75560,0.000000
75580,0.000001
75600,0.001364
75620,0.000000
75640,0.000001
75660,0.000000
75680,0.000832
75700,0.000821
75720,0.000000
75740,0.000821
75760,0.000821
75780,0.000001
75800,0.000821
75820,0.000000
75840,0.000001
75860,0.000000
75880,0.000001
75900,0.000001
75920,0.000000
75940,0.000822
75960,0.000001
75980,0.000000
76000,0.000135
76020,0.000821
76040,0.000001
76060,0.000001
76080,0.000000
76100,0.000000
76120,0.000000
76140,0.000001
76160,0.000001
76180,0.000821
76200,0.000000
76220,0.943995
76240,0.000001
76260,0.000000
76280,0.000000
76300,0.000821
76320,0.000001
76340,0.000000
76360,0.000000
76380,0.000821
76400,0.000001
76420,0.944004
76440,0.000000
76460,0.000001
76480,0.000821
76500,0.000001
76520,0.000956
76540,0.000821
76560,0.000821
76580,0.000000
76600,0.000001
76620,0.000000
76640,0.001356
76660,0.000000
76680,0.000821
76700,0.000001
76720,0.000001
76740,0.000821
76760,0.000000
76780,0.000000
76800,0.000956
76820,0.000001
76840,0.000001
76860,0.000000
76880,0.000821
76900,0.000000
76920,0.000000
76940,0.000000
76960,0.000001
76980,0.000001
77000,0.000000
77020,0.000000
77040,0.000821
77060,0.000000
77080,0.000821
77100,0.000000
77120,0.000001
77140,0.000000
77160,0.000001
77180,0.000001
77200,0.000001
77220,0.000000
77240,0.000001
77260,0.000000
77280,0.943977
77300,0.000822
77320,0.000822
77340,0.001360
77360,0.000822
77380,0.000822
77400,0.000000
77420,0.000001
77440,0.000822
77460,0.000822
77480,0.000000
77500,0.000822
77520,0.000001
77540,0.000822
77560,0.000001
77580,0.000821
77600,0.000001
77620,0.000820
77640,0.000000
77660,0.000001
77680,0.000000
77700,0.000821
77720,0.000821
77740,0.000821
77760,0.000821
77780,0.000001
77800,0.000001
77820,0.000822
77840,0.000001
77860,0.000944
77880,0.000000
77900,0.000821
77920,0.000000
77940,0.000001
77960,0.000000
77980,0.000001
78000,0.000821
78020,0.000000
78040,0.000000
78060,0.000821
78080,0.000001
78100,0.000823
78120,0.000001
78140,0.000821
78160,0.000001
78180,0.000822
78200,0.000000
78220,0.000000
78240,0.000821
78260,0.000821
78280,0.000821
78300,0.000821
78320,0.000000
78340,0.000000
78360,0.000001
78380,0.000000
78400,0.000000
78420,0.000821
78440,0.000821
78460,0.000001
78480,0.000000
78500,0.000000
78520,0.000821
78540,0.000001
78560,0.000822
78580,0.000001
78600,0.000001
78620,0.000823
78640,0.000821
78660,0.000000
78680,0.000001
78700,0.000821
78720,0.000000
78740,0.000822
78760,0.000000
78780,0.000821
78800,0.000822
78820,0.000000
78840,0.000000
78860,0.000000
78880,0.000001
78900,0.000822
78920,0.000001
78940,0.000814
78960,0.000822
78980,0.000001
79000,0.000001
79020,0.000000
79040,0.000001
79060,0.000822
79080,0.000822
79100,0.000000
79120,0.000001
79140,0.000821
79160,0.000821
79180,0.000821
79200,0.000000
79220,0.000001
79240,0.000001
79260,0.000001
79280,0.000001
79300,0.000001
79320,0.000822
79340,0.000000
79360,0.943991
79380,0.000822
79400,0.000001
79420,0.000001
79440,0.000001
79460,0.000821
79480,0.000000
79500,0.000822
79520,0.000001
79540,0.000001
79560,0.000001
79580,0.000822
79600,0.000000
79620,0.000001
79640,0.000000
79660,0.001347
79680,0.000000
79700,0.000001
79720,0.000000
79740,0.000822
79760,0.000822
79780,0.000822
79800,0.000001
79820,0.000822
79840,0.000822
79860,0.000822
79880,0.000001
79900,0.000001
79920,0.000000
79940,0.000821
79960,0.000001
79980,0.000000
80000,0.000000
80020,0.000001
80040,0.000001
80060,0.000000
80080,0.000001
80100,0.000000
80120,0.000001
80140,0.000001
80160,0.000001
80180,0.000001
80200,0.000821
80220,0.000000
80240,0.000000
80260,0.000821
80280,0.000001
80300,0.000001
80320,0.000000
80340,0.000000
80360,0.000823
80380,0.000030
80400,0.000821
80420,0.000001
80440,0.000822
80460,0.000126
80480,0.000000
80500,0.000001
80520,0.000822
80540,0.000000
80560,0.000822
80580,0.001347
80600,0.000000
80620,0.000001
80640,0.000000
80660,0.000001
80680,0.000821
80700,0.000821
80720,0.000821
80740,0.000001
80760,0.000953
80780,0.000000
80800,0.000000
80820,0.000000
80840,0.000821
80860,0.000001
80880,0.000822
80900,0.000030
80920,0.000822
80940,0.000822
80960,0.000822
80980,0.000001
81000,0.000001
81020,0.000000
81040,0.000001
81060,0.000001
81080,0.000000
81100,0.000001
81120,0.000953
81140,0.001346
81160,0.000942
81180,0.000822
81200,0.000000
81220,0.000001
81240,0.000000
81260,0.000001
81280,0.000822
81300,0.000001
81320,0.000001
81340,0.000822
81360,0.000822
81380,0.000822
81400,0.000822
81420,0.000000
81440,0.000001
81460,0.000822
81480,0.000823
81500,0.000000
81520,0.000000
81540,0.000822
81560,0.000001
81580,0.000000
81600,0.000824
81620,0.000001
81640,0.000000
81660,0.000823
81680,0.000001
81700,0.000001
81720,0.000822
81740,0.000000
81760,0.000000
81780,0.000822
81800,0.000001
81820,0.000000
81840,0.000822
81860,0.000832
81880,0.000000
81900,0.000822
81920,0.943965
81940,0.000822
81960,0.000001
81980,0.000822
82000,0.000001
82020,0.000822
82040,0.000029
82060,0.000822
82080,0.000822
82100,0.000001
82120,0.000000
82140,0.000822
82160,0.000001
82180,0.000001
82200,0.000001
82220,0.000000
82240,0.000821
82260,0.000128
82280,0.000822
82300,0.000000
82320,0.000001
82340,0.000000
82360,0.000000
82380,0.000001
82400,0.000001
82420,0.000001
82440,0.000001
82460,0.000822
82480,0.000000
82500,0.000000
82520,0.000822
82540,0.000001
82560,0.000001
82580,0.000822
82600,0.000001
82620,0.000822
82640,0.000001
82660,0.000001
82680,0.000001
82700,0.000122
82720,0.000001
82740,0.000000
82760,0.000000
82780,0.000001
82800,0.000000
82820,0.000001
82840,0.000000
82860,0.000001
82880,0.000000
82900,0.000823
82920,0.000000
82940,0.000823
82960,0.000029
82980,0.000822
83000,0.000001
83020,0.000823
83040,0.000822
83060,0.000001
83080,0.000000
83100,0.000000
83120,0.000001
83140,0.000001
83160,0.000952
83180,0.000822
83200,0.000001
83220,0.000001
83240,0.000000
83260,0.000000
83280,0.000953
83300,0.000822
83320,0.000000
83340,0.000001
83360,0.000001
83380,0.000823
83400,0.000000
83420,0.000000
83440,0.000822
83460,0.000001
83480,0.000000
83500,0.000001
83520,0.000822
83540,0.943951
83560,0.000001
83580,0.000001
83600,0.000822
83620,0.000001
83640,0.000001
83660,0.000001
83680,0.000000
83700,0.000000
83720,0.000000
83740,0.000001
83760,0.000000
83780,0.000000
83800,0.000823
83820,0.000001
83840,0.000822
83860,0.000823
83880,0.000029
83900,0.000822
83920,0.000823
83940,0.000823
83960,0.000823
83980,0.000823
84000,0.000823
84020,0.000000
84040,0.000823
84060,0.000001
84080,0.000000
84100,0.000000
84120,0.000124
84140,0.000029
84160,0.000952
84180,0.000000
84200,0.000823
84220,0.000822
84240,0.000001
84260,0.000001
84280,0.000001
84300,0.000001
84320,0.000001
84340,0.000000
84360,0.000001
84380,0.000000
84400,0.000000
84420,0.000823
84440,0.000823
84460,0.000000
84480,0.000823
84500,0.000000
84520,0.000001
84540,0.000823
84560,0.000823
84580,0.000000
84600,0.000823
84620,0.000001
84640,0.000822
84660,0.000001
84680,0.000001
84700,0.000001
84720,0.000000
84740,0.000001
84760,0.000822
84780,0.000952
84800,0.000000
84820,0.000000
84840,0.000001
84860,0.000823
84880,0.000001
84900,0.000001
84920,0.000000
84940,0.000823
84960,0.000001
84980,0.000000
85000,0.000001
85020,0.000001
85040,0.000822
85060,0.000001
85080,0.000001
85100,0.000951
85120,0.000000
85140,0.000822
85160,0.000001
85180,0.000000
85200,0.000001
85220,0.000823
85240,0.943953
85260,0.000000
85280,0.000823
85300,0.000001
85320,0.000000
85340,0.000000
85360,0.000000
85380,0.000001
85400,0.000001
85420,0.000000
85440,0.000001
85460,0.000823
85480,0.000000
85500,0.000000
85520,0.000000
85540,0.000122
85560,0.000823
85580,0.000000
85600,0.000001
85620,0.000001
85640,0.000001
85660,0.000001
85680,0.000000
85700,0.000822
85720,0.000001
85740,0.000001
85760,0.000822
85780,0.000001
85800,0.000822
85820,0.000001
85840,0.000823
85860,0.000822
85880,0.000000
85900,0.000001
85920,0.000001
85940,0.000001
85960,0.000001
85980,0.000001
86000,0.000001
86020,0.000001
86040,0.000823
86060,0.000823
86080,0.000001
86100,0.000825
86120,0.000001
86140,0.000000
86160,0.000823
86180,0.000823
86200,0.000823
86220,0.000823
86240,0.000000
86260,0.000000
86280,0.000001
86300,0.000001
86320,0.000823
86340,0.000000
86360,0.000823
86380,0.000823
86400,0.000000
86420,0.943929
86440,0.000001
86460,0.000001
86480,0.000001
86500,0.000001
86520,0.000000
86540,0.000000
86560,0.000823
86580,0.000000
86600,0.000001
86620,0.000000
86640,0.000000
86660,0.000001
86680,0.000001
86700,0.000823
86720,0.000000
86740,0.000000
86760,0.000123
86780,0.000823
86800,0.000824
86820,0.000001
86840,0.000000
86860,0.000000
86880,0.000823
86900,0.000001
86920,0.000823
86940,0.000000
86960,0.000000
86980,0.000001
87000,0.000000
87020,0.000823
87040,0.000001
87060,0.000000
87080,0.000000
87100,0.000000
87120,0.000001
87140,0.000000
87160,0.000001
87180,0.000000
87200,0.000000
87220,0.000823
87240,0.000000
87260,0.000000
87280,0.000950
87300,0.000823
87320,0.000001
87340,0.000000
87360,0.000001
87380,0.000000
87400,0.000000
87420,0.000001
87440,0.000000
87460,0.000824
87480,0.000001
87500,0.000823
87520,0.000822
87540,0.000000
87560,0.000822
87580,0.000823
87600,0.000823
87620,0.000000
87640,0.000001
87660,0.000000
87680,0.000000
87700,0.000001
87720,0.000001
87740,0.000001
87760,0.000823
87780,0.000823
87800,0.000823
87820,0.000000
87840,0.000001
87860,0.000823
87880,0.000000
87900,0.000000
87920,0.000000
87940,0.001329
87960,0.001331
87980,0.000000
88000,0.000001
88020,0.000000
88040,0.000823
88060,0.000001
88080,0.001329
88100,0.000000
88120,0.000000
88140,0.000000
88160,0.000833
88180,0.000001
88200,0.000833
88220,0.000001
88240,0.000823
88260,0.000000
88280,0.000000
88300,0.000000
88320,0.000001
88340,0.000833
88360,0.000823
88380,0.000028
88400,0.000823
88420,0.000949
88440,0.000000
88460,0.000001
88480,0.000000
88500,0.000824
88520,0.000001
88540,0.000000
88560,0.000000
88580,0.000001
88600,0.000001
88620,0.000001
88640,0.000001
88660,0.000000
88680,0.000823
88700,0.000001
88720,0.000001
88740,0.000001
88760,0.000824
88780,0.000824
88800,0.000000
88820,0.000824
88840,0.000000
88860,0.000001
88880,0.000000
88900,0.000000
88920,0.000001
88940,0.000000
88960,0.000001
88980,0.000824
89000,0.000000
89020,0.000000
89040,0.000000
89060,0.000824
89080,0.000000
89100,0.000823
89120,0.000001
89140,0.000001
89160,0.000001
89180,0.000823
89200,0.000001
89220,0.000823
89240,0.000001
89260,0.000000
89280,0.000823
89300,0.000825
89320,0.000001
89340,0.000824
89360,0.000000
89380,0.000000
89400,0.000823
89420,0.000001
89440,0.000001
89460,0.000000
89480,0.000834
89500,0.000824
89520,0.000001
89540,0.000027
89560,0.000001
89580,0.000000
89600,0.000000
89620,0.000824
89640,0.000936
89660,0.000000
89680,0.000000
89700,0.000001
89720,0.000823
89740,0.000824
89760,0.000823
89780,0.000823
89800,0.000001
89820,0.000001
89840,0.000001
89860,0.000001
89880,0.000000
89900,0.000000
89920,0.000824
89940,0.000823
89960,0.000121
89980,0.000825
90000,0.000823
90020,0.000825
90040,0.000823
90060,0.000001
90080,0.000001
90100,0.000000
90120,0.000001
90140,0.000000
90160,0.000824
90180,0.000001
90200,0.000001
90220,0.000000
90240,0.000000
90260,0.000000
90280,0.000001
90300,0.000001
90320,0.000823
90340,0.000000
90360,0.000000
90380,0.000823
90400,0.000001
90420,0.000000
90440,0.000000
90460,0.000118
90480,0.000000
90500,0.000001
90520,0.000823
90540,0.000000
90560,0.000824
90580,0.000000
90600,0.000001
90620,0.000001
90640,0.000823
90660,0.000823
90680,0.000000
90700,0.000825
90720,0.000823
90740,0.000823
90760,0.000823
90780,0.000000
90800,0.000823
90820,0.000001
90840,0.000000
90860,0.000001
90880,0.000001
90900,0.000001
90920,0.000001
90940,0.000000
90960,0.000001
90980,0.000824
91000,0.000000
91020,0.000001
91040,0.000000
91060,0.000824
91080,0.000000
91100,0.000000
91120,0.000000
91140,0.000824
91160,0.000824
91180,0.000824
91200,0.000001
91220,0.000824
91240,0.000000
91260,0.000001
91280,0.000824
91300,0.000000
91320,0.000824
91340,0.000000
91360,0.000001
91380,0.000000
91400,0.000001
91420,0.000001
91440,0.000001
91460,0.000000
91480,0.000824
91500,0.000824
91520,0.000000
91540,0.000000
91560,0.000001
91580,0.000824
91600,0.000824
91620,0.000114
91640,0.000001
91660,0.000001
91680,0.000000
91700,0.000117
91720,0.000001
91740,0.000000
91760,0.000000
91780,0.000824
91800,0.001321
91820,0.000000
91840,0.000824
91860,0.000824
91880,0.000001
91900,0.000947
91920,0.000001
91940,0.000001
91960,0.000001
91980,0.000825
92000,0.000000
92020,0.000000
92040,0.000824
92060,0.000000
92080,0.000825
92100,0.000000
92120,0.000824
92140,0.000001
92160,0.000000
92180,0.000000
92200,0.000000
92220,0.000823
92240,0.000001
92260,0.000000
92280,0.000000
92300,0.000001
92320,0.000001
92340,0.000000
92360,0.000001
92380,0.000000
92400,0.000824
92420,0.000001
92440,0.000824
92460,0.000833
92480,0.000823
92500,0.000001
92520,0.000029
92540,0.943941
92560,0.000001
92580,0.000000
92600,0.000823
92620,0.000001
92640,0.000823
92660,0.000000
92680,0.000824
92700,0.000000
92720,0.000001
92740,0.000001
92760,0.000001
92780,0.000000
92800,0.000000
92820,0.943921
92840,0.000000
92860,0.000000
92880,0.000824
92900,0.000001
92920,0.000001
92940,0.000001
92960,0.000000
92980,0.000001
93000,0.000027
93020,0.000824
93040,0.000824
93060,0.000833
93080,0.000000
93100,0.000826
93120,0.000001
93140,0.000826
93160,0.000001
93180,0.000001
93200,0.000001
93220,0.000000
93240,0.000000
93260,0.000000
93280,0.000823
93300,0.000001
93320,0.000001
93340,0.000001
93360,0.000823
93380,0.000001
93400,0.000000
93420,0.000001
93440,0.000000
93460,0.000001
93480,0.000001
93500,0.000000
93520,0.000000
93540,0.000001
93560,0.000000
93580,0.000000
93600,0.000824
93620,0.000824
93640,0.000001
93660,0.000001
93680,0.000001
93700,0.000824
93720,0.000000
93740,0.000824
93760,0.000000
93780,0.000000
93800,0.000001
93820,0.000824
93840,0.000000
93860,0.000001
93880,0.000001
93900,0.000001
93920,0.000824
93940,0.000001
93960,0.000946
93980,0.000824
94000,0.000001
94020,0.000824
94040,0.000115
94060,0.000946
94080,0.000001
94100,0.000001
94120,0.000027
94140,0.000000
94160,0.000824
94180,0.000824
94200,0.000823
94220,0.000001
94240,0.000824
94260,0.000000
94280,0.000833
94300,0.000826
94320,0.000824
94340,0.000000
94360,0.000824
94380,0.000824
94400,0.000000
94420,0.000001
94440,0.000001
94460,0.000824
94480,0.000000
94500,0.000833
94520,0.000000
94540,0.000825
94560,0.000001
94580,0.000001
94600,0.000000
94620,0.000001
94640,0.000000
94660,0.000001
94680,0.000000
94700,0.000000
94720,0.000000
94740,0.000824
94760,0.000001
94780,0.000825
94800,0.000000
94820,0.000000
94840,0.000000
94860,0.000001
94880,0.000824
94900,0.000001
94920,0.000824
94940,0.000824
94960,0.001314
94980,0.000824
95000,0.000000
95020,0.000001
95040,0.000001
95060,0.000824
95080,0.000824
95100,0.000824
95120,0.000000
95140,0.000000
95160,0.000001
95180,0.000000
95200,0.000824
95220,0.000001
95240,0.000001
95260,0.000000
95280,0.000825
95300,0.000001
95320,0.000000
95340,0.000825
95360,0.000001
95380,0.000825
95400,0.001314
95420,0.000000
95440,0.000824
95460,0.000824
95480,0.000824
95500,0.000824
95520,0.000824
95540,0.000825
95560,0.000932
95580,0.000001
95600,0.000001
95620,0.000000
95640,0.000824
95660,0.000000
95680,0.000001
95700,0.000817
95720,0.000824
95740,0.000824
95760,0.000000
95780,0.000000
95800,0.000824
95820,0.000824
95840,0.000824
95860,0.000824
95880,0.000001
95900,0.000825
95920,0.000000
95940,0.000824
95960,0.000000
95980,0.000825
96000,0.000000
96020,0.000000
96040,0.000000
96060,0.000001
96080,0.000824
96100,0.000000
96120,0.000112
96140,0.000000
96160,0.000001
96180,0.000000
96200,0.000000
96220,0.000001
96240,0.000001
96260,0.000000
96280,0.000001
96300,0.000825
96320,0.000000
96340,0.000001
96360,0.000000
96380,0.000825
96400,0.000000
96420,0.000825
96440,0.000001
96460,0.000001
96480,0.000001
96500,0.000001
96520,0.000001
96540,0.000001
96560,0.000000
96580,0.000001
96600,0.000001
96620,0.000000
96640,0.000000
96660,0.000945
96680,0.000825
96700,0.000824
96720,0.000001
96740,0.000824
96760,0.000001
96780,0.000000
96800,0.000000
96820,0.000000
96840,0.000825
96860,0.000824
96880,0.000000
96900,0.000000
96920,0.000826
96940,0.000000
96960,0.000001
96980,0.000824
97000,0.000001
97020,0.000824
97040,0.000824
97060,0.000000
97080,0.000000
97100,0.000824
97120,0.000825
97140,0.000000
97160,0.000001
97180,0.000825
97200,0.000000
97220,0.000824
97240,0.000001
97260,0.000824
97280,0.000000
97300,0.000824
97320,0.000824
97340,0.000001
97360,0.000826
97380,0.000824
97400,0.000824
97420,0.000000
97440,0.000824
97460,0.000001
97480,0.000000
97500,0.000824
97520,0.000000
97540,0.000000
97560,0.000000
97580,0.000000
97600,0.000000
97620,0.000825
97640,0.000000
97660,0.000001
97680,0.000001
97700,0.000000
97720,0.000001
97740,0.000000
97760,0.000825
97780,0.000000
97800,0.000000
97820,0.000001
97840,0.000825
97860,0.000931
97880,0.000001
97900,0.000000
97920,0.000000
97940,0.000001
97960,0.000001
97980,0.000825
98000,0.000825
98020,0.000001
98040,0.000825
98060,0.000000
98080,0.000000
98100,0.000825
98120,0.000825
98140,0.000001
98160,0.000001
98180,0.000824
98200,0.000000
98220,0.000000
98240,0.000000
98260,0.000000
98280,0.000000
98300,0.000000
98320,0.000000
98340,0.000824
98360,0.000001
98380,0.000000
98400,0.000001
98420,0.000001
98440,0.000000
98460,0.000825
98480,0.000825
98500,0.000001
98520,0.000000
98540,0.000825
98560,0.000001
98580,0.000000
98600,0.000825
98620,0.000001
98640,0.000000
98660,0.000001
98680,0.000825
98700,0.000825
98720,0.000825
98740,0.000825
98760,0.001305
98780,0.000001
98800,0.000000
98820,0.000001
98840,0.000001
98860,0.000825
98880,0.000001
98900,0.000000
98920,0.001305
98940,0.000825
98960,0.000000
98980,0.000825
99000,0.000825
99020,0.000825
99040,0.000834
99060,0.000001
99080,0.000000
99100,0.000000
99120,0.000825
99140,0.000001
99160,0.000000
99180,0.000000
99200,0.000000
99220,0.000826
99240,0.000000
99260,0.000825
99280,0.000001
99300,0.000834
99320,0.000000
99340,0.000824
99360,0.000000
99380,0.000001
99400,0.000825
99420,0.000000
99440,0.000825
99460,0.000000
99480,0.000001
99500,0.000110
99520,0.000113
99540,0.000001
99560,0.000001
99580,0.000001
99600,0.000001
99620,0.000000
99640,0.000000
99660,0.000000
99680,0.000001
99700,0.000825
99720,0.000825
99740,0.000000
99760,0.000000
99780,0.000825
99800,0.000001
99820,0.000000
99840,0.000001
99860,0.000825
99880,0.000825
99900,0.001303
99920,0.000000
99940,0.000000
99960,0.000000
99980,0.000825
100000,0.000000
100020,0.000001
100040,0.000001
100060,0.000825
100080,0.000001
100100,0.000943
100120,0.000000
100140,0.000000
100160,0.000001
100180,0.000000
100200,0.000001
100220,0.000000
100240,0.000000
100260,0.000825
100280,0.000000
100300,0.000825
100320,0.000825
100340,0.000001
100360,0.000001
100380,0.000000
100400,0.000001
100420,0.000001
100440,0.000825
100460,0.000001
100480,0.000001
100500,0.000825
100520,0.000825
100540,0.000001
100560,0.000001
100580,0.000000
100600,0.000000
100620,0.000001
100640,0.000943
100660,0.000000
100680,0.000000
100700,0.000000
100720,0.000000
100740,0.000000
100760,0.000824
100780,0.000824
100800,0.000825
100820,0.000825
100840,0.000825
100860,0.000001
100880,0.000001
100900,0.000826
100920,0.000001
100940,0.000000
100960,0.000000
100980,0.000000
101000,0.000026
101020,0.000000
101040,0.000000
101060,0.000000
101080,0.000825
101100,0.000001
101120,0.000000
101140,0.000825
101160,0.000001
101180,0.000825
101200,0.000001
101220,0.000000
101240,0.000825
101260,0.000001
101280,0.000000
101300,0.000825
101320,0.000825
101340,0.000825
101360,0.000826
101380,0.943867
101400,0.000001
101420,0.000001
101440,0.000826
101460,0.000001
101480,0.000000
101500,0.000826
101520,0.000929
101540,0.000826
101560,0.000000
101580,0.000826
101600,0.000001
101620,0.000000
101640,0.000825
101660,0.000000
101680,0.000000
101700,0.000826
101720,0.000000
101740,0.000825
101760,0.000000
101780,0.000001
101800,0.000826
101820,0.000001
101840,0.000825
101860,0.000943
101880,0.000825
101900,0.000944
101920,0.000000
101940,0.000000
101960,0.000825
101980,0.000000
102000,0.000000
102020,0.000825
102040,0.000000
102060,0.000000
102080,0.000825
102100,0.000825
102120,0.000001
102140,0.000001
102160,0.000825
102180,0.000001
102200,0.000000
102220,0.000026
102240,0.000001
102260,0.000826
102280,0.000000
102300,0.000000
102320,0.000000
102340,0.000000
102360,0.000000
102380,0.000000
102400,0.000001
102420,0.000001
102440,0.000826
102460,0.000000
102480,0.000827
102500,0.000000
102520,0.000000
102540,0.000000
102560,0.000000
102580,0.000000
102600,0.000001
102620,0.000025
102640,0.000000
102660,0.000000
102680,0.000000
102700,0.000001
102720,0.000000
102740,0.000826
102760,0.000000
102780,0.000000
102800,0.000001
102820,0.000000
102840,0.000001
102860,0.000826
102880,0.000000
102900,0.000825
102920,0.000000
102940,0.000000
102960,0.000000
102980,0.000000
103000,0.000825
103020,0.000825
103040,0.000000
103060,0.000001
103080,0.000000
103100,0.000001
103120,0.000826
103140,0.000000
103160,0.000000
103180,0.000000
103200,0.000001
103220,0.000000
103240,0.000942
103260,0.000000
103280,0.000826
103300,0.000825
103320,0.000818
103340,0.000001
103360,0.000001
103380,0.000000
103400,0.000000
103420,0.000001
103440,0.000106
103460,0.000001
103480,0.000826
103500,0.000000
103520,0.000825
103540,0.000825
103560,0.000000
103580,0.000026
103600,0.000000
103620,0.000825
103640,0.000001
103660,0.000001
103680,0.000826
103700,0.000001
103720,0.000001
103740,0.000825
103760,0.000000
103780,0.000000
103800,0.000941
103820,0.000001
103840,0.000001
103860,0.000826
103880,0.000001
103900,0.000001
103920,0.000000
103940,0.000000
103960,0.000000
103980,0.943861
104000,0.000826
104020,0.000825
104040,0.000826
104060,0.000825
104080,0.000000
104100,0.000109
104120,0.000826
104140,0.000001
104160,0.000001
104180,0.000000
104200,0.000825
104220,0.000000
104240,0.000001
104260,0.000000
104280,0.000826
104300,0.000000
104320,0.000000
104340,0.000001
104360,0.000000
104380,0.000001
104400,0.000826
104420,0.000000
104440,0.000000
104460,0.000000
104480,0.000001
104500,0.000001
104520,0.000000
104540,0.000001
104560,0.000826
104580,0.000000
104600,0.000001
104620,0.000927
104640,0.000000
104660,0.000000
104680,0.000000
104700,0.000825
104720,0.001290
104740,0.000000
104760,0.000001
104780,0.000000
104800,0.000826
104820,0.000000
104840,0.000819
104860,0.000825
104880,0.000001
104900,0.000000
104920,0.000001
104940,0.000001
104960,0.000000
104980,0.000826
105000,0.000826
105020,0.000001
105040,0.000826
105060,0.000000
105080,0.000825
105100,0.000000
105120,0.000000
105140,0.000000
105160,0.000000
105180,0.000000
105200,0.000000
105220,0.000000
105240,0.000000
105260,0.000826
105280,0.000000
105300,0.000826
105320,0.000001
105340,0.000001
105360,0.000000
105380,0.000001
105400,0.000024
105420,0.000826
105440,0.000826
105460,0.000826
105480,0.000000
105500,0.943846
105520,0.000826
105540,0.000000
105560,0.000000
105580,0.000000
105600,0.000001
105620,0.000000
105640,0.000000
105660,0.000000
105680,0.000000
105700,0.000001
105720,0.000000
105740,0.000000
105760,0.000000
105780,0.000826
105800,0.000001
105820,0.000000
105840,0.000000
105860,0.000000
105880,0.000000
105900,0.000001
105920,0.000000
105940,0.000000
105960,0.000024
105980,0.000000
106000,0.000825
106020,0.000000
106040,0.000000
106060,0.000827
106080,0.000001
106100,0.000825
106120,0.000000
106140,0.000826
106160,0.000001
106180,0.000001
106200,0.000000
106220,0.000826
106240,0.000000
106260,0.000000
106280,0.000001
106300,0.000826
106320,0.000000
106340,0.000000
106360,0.943874
106380,0.000001
106400,0.000000
106420,0.000827
106440,0.000001
106460,0.000000
106480,0.000000
106500,0.000001
106520,0.000000
106540,0.000825
106560,0.000000
106580,0.000826
106600,0.000826
106620,0.000000
106640,0.000000
106660,0.000001
106680,0.000001
106700,0.000826
106720,0.000826
106740,0.000001
106760,0.000826
106780,0.000000
106800,0.000024
106820,0.000001
106840,0.000001
106860,0.000826
106880,0.000826
106900,0.000000
106920,0.000827
106940,0.000000
106960,0.000001
106980,0.000000
107000,0.000826
107020,0.000826
107040,0.000000
107060,0.000826
107080,0.000001
107100,0.000001
107120,0.000000
107140,0.000001
107160,0.000000
107180,0.000000
107200,0.000000
107220,0.000000
107240,0.000000
107260,0.000826
107280,0.000000
107300,0.000000
107320,0.000940
107340,0.000000
107360,0.000000
107380,0.000000
107400,0.000001
107420,0.000000
107440,0.000001
107460,0.000000
107480,0.000001
107500,0.000000
107520,0.000826
107540,0.000001
107560,0.000826
107580,0.000826
107600,0.000001
107620,0.000001
107640,0.000826
107660,0.000000
107680,0.000000
107700,0.000000
107720,0.000000
107740,0.000000
107760,0.000000
107780,0.000826
107800,0.000001
107820,0.000000
107840,0.000000
107860,0.000000
107880,0.000827
107900,0.000000
107920,0.000000
107940,0.000826
107960,0.000001
107980,0.000827
108000,0.000000
108020,0.000000
108040,0.000826
108060,0.000826
108080,0.000000
108100,0.000000
108120,0.000000
108140,0.000000
108160,0.000826
108180,0.000000
108200,0.000000
108220,0.943844
108240,0.000001
108260,0.000000
108280,0.000000
108300,0.000826
108320,0.000001
108340,0.000826
108360,0.000001
108380,0.000000
108400,0.000826
108420,0.000000
108440,0.000001
108460,0.000000
108480,0.000828
108500,0.000000
108520,0.000000
108540,0.000826
108560,0.000001
108580,0.000000
108600,0.000000
108620,0.000001
108640,0.000024
108660,0.000001
108680,0.000834
108700,0.000000
108720,0.000826
108740,0.000000
108760,0.000000
108780,0.000000
108800,0.000826
108820,0.000825
108840,0.000000
108860,0.000000
108880,0.000000
108900,0.000000
108920,0.000827
108940,0.000000
108960,0.000826
108980,0.000826
109000,0.000826
109020,0.000000
109040,0.000000
109060,0.000000
109080,0.000000
109100,0.000835
109120,0.000000
109140,0.000826
109160,0.000001
109180,0.000000
109200,0.000000
109220,0.000000
109240,0.000000
109260,0.000000
109280,0.000827
109300,0.000001
109320,0.000827
109340,0.000000
109360,0.000000
109380,0.000103
109400,0.000827
109420,0.000827
109440,0.000000
109460,0.000828
109480,0.000000
109500,0.000827
109520,0.000827
109540,0.000827
109560,0.000827
109580,0.000000
109600,0.000001
109620,0.000001
109640,0.000000
109660,0.000000
109680,0.000000
109700,0.000827
109720,0.000001
109740,0.000000
109760,0.000826
109780,0.000000
109800,0.000105
109820,0.000826
109840,0.000001
109860,0.000000
109880,0.000000
109900,0.000826
109920,0.000000
109940,0.000000
109960,0.000000
109980,0.000826
110000,0.000001
110020,0.000939
110040,0.000000
110060,0.000000
110080,0.000000
110100,0.000827
110120,0.000001
110140,0.000000
110160,0.000000
110180,0.000000
110200,0.000826
110220,0.000000
110240,0.000827
110260,0.000001
110280,0.000000
110300,0.001281
110320,0.000826
110340,0.000001
110360,0.000938
110380,0.000826
110400,0.000000
110420,0.000826
110440,0.000826
110460,0.000826
110480,0.000000
110500,0.000000
110520,0.000001
110540,0.000000
110560,0.000826
110580,0.000001
110600,0.000000
110620,0.000001
110640,0.000000
110660,0.000826
110680,0.000000
110700,0.000000
110720,0.000826
110740,0.000000
110760,0.000000
110780,0.000826
110800,0.000000
110820,0.000000
110840,0.000000
110860,0.000827
110880,0.000924
110900,0.000826
110920,0.000000
110940,0.000001
110960,0.000000
110980,0.000000
111000,0.000827
111020,0.000000
111040,0.000826
111060,0.000000
111080,0.000000
111100,0.000826
111120,0.000826
111140,0.000001
111160,0.000826
111180,0.000001
111200,0.000826
111220,0.000000
111240,0.000000
111260,0.000000
111280,0.000827
111300,0.000827
111320,0.001279
111340,0.000024
111360,0.000000
111380,0.000000
111400,0.000000
111420,0.000024
111440,0.000828
111460,0.000001
111480,0.000000
111500,0.000000
111520,0.000000
111540,0.000827
111560,0.000000
111580,0.000000
111600,0.000000
111620,0.000826
111640,0.000000
111660,0.000000
111680,0.000827
111700,0.000000
111720,0.000000
111740,0.000000
111760,0.000000
111780,0.000000
111800,0.000827
111820,0.000001
111840,0.000827
111860,0.000828
111880,0.000827
111900,0.000000
111920,0.000024
111940,0.000827
111960,0.000001
111980,0.000024
112000,0.000000
112020,0.000826
112040,0.000826
112060,0.000826
112080,0.000000
112100,0.000826
112120,0.000024
112140,0.000826
112160,0.000000
112180,0.000001
112200,0.000000
112220,0.000827
112240,0.000827
112260,0.000000
112280,0.000000
112300,0.000000
112320,0.000827
112340,0.000827
112360,0.000000
112380,0.000000
112400,0.000000
112420,0.000924
112440,0.000827
112460,0.000827
112480,0.000827
112500,0.000000
112520,0.001278
112540,0.000827
112560,0.000827
112580,0.000826
112600,0.000827
112620,0.000827
112640,0.000000
112660,0.000924
112680,0.000828
112700,0.000924
112720,0.000000
112740,0.000826
112760,0.000000
112780,0.000826
112800,0.000001
112820,0.000000
112840,0.000001
112860,0.000001
112880,0.000000
112900,0.943853
112920,0.000826
112940,0.000826
112960,0.000826
112980,0.000000
113000,0.000023
113020,0.000827
113040,0.000001
113060,0.000000
113080,0.000001
113100,0.000827
113120,0.000000
113140,0.000000
113160,0.000024
113180,0.000001
113200,0.000000
113220,0.000827
113240,0.000827
113260,0.000000
113280,0.000827
113300,0.000000
113320,0.000000
113340,0.000000
113360,0.000000
113380,0.000000
113400,0.000000
113420,0.000001
113440,0.000000
113460,0.001278
113480,0.000001
113500,0.000000
113520,0.000000
113540,0.000828
113560,0.000000
113580,0.000000
113600,0.000000
113620,0.000000
113640,0.000001
113660,0.000939
113680,0.000827
113700,0.000827
113720,0.000828
113740,0.943805
113760,0.000000
113780,0.000001
113800,0.000827
113820,0.000827
113840,0.000000
113860,0.000000
113880,0.000827
113900,0.000827
113920,0.000000
113940,0.000000
113960,0.000827
113980,0.000827
114000,0.000000
114020,0.000000
114040,0.000827
114060,0.000000
114080,0.000000
114100,0.000000
114120,0.000001
114140,0.000000
114160,0.000001
114180,0.000827
114200,0.000827
114220,0.000000
114240,0.000827
114260,0.000000
114280,0.000827
114300,0.000001
114320,0.000000
114340,0.000000
114360,0.000827
114380,0.000001
114400,0.000829
114420,0.000827
114440,0.000001
114460,0.000828
114480,0.000000
114500,0.000000
114520,0.000828
114540,0.000098
114560,0.000828
114580,0.000024
114600,0.000820
114620,0.000000
114640,0.000000
114660,0.000828
114680,0.000000
114700,0.000000
114720,0.000000
114740,0.000000
114760,0.000000
114780,0.000000
114800,0.000000
114820,0.000000
114840,0.000000
114860,0.000827
114880,0.000828
114900,0.000000
114920,0.000827
114940,0.000000
114960,0.000000
114980,0.000000
115000,0.000827
115020,0.000000
115040,0.000000
115060,0.000000
115080,0.000000
115100,0.000000
115120,0.000827
115140,0.000000
115160,0.000098
115180,0.000827
115200,0.000001
115220,0.000000
115240,0.000000
115260,0.000000
115280,0.000000
115300,0.000827
115320,0.000000
115340,0.000001
115360,0.000000
115380,0.000000
115400,0.000000
115420,0.000000
115440,0.000000
115460,0.000001
115480,0.000000
115500,0.000000
115520,0.000000
115540,0.000000
115560,0.000000
115580,0.000000
115600,0.000000
115620,0.000000
115640,0.000001
115660,0.000000
115680,0.000827
115700,0.000001
115720,0.001273
115740,0.000000
115760,0.000827
115780,0.000001
115800,0.000000
115820,0.000001
115840,0.000000
115860,0.000827
115880,0.000000
115900,0.000829
115920,0.000000
115940,0.000000
115960,0.000000
115980,0.000827
116000,0.000827
116020,0.000827
116040,0.000827
116060,0.000827
116080,0.000000
116100,0.000828
116120,0.000000
116140,0.000000
116160,0.000827
116180,0.000000
116200,0.943815
116220,0.000000
116240,0.000001
116260,0.000000
116280,0.000937
116300,0.000001
116320,0.000827
116340,0.000828
116360,0.000000
116380,0.000001
116400,0.000827
116420,0.000000
116440,0.000000
116460,0.000000
116480,0.000001
116500,0.000100
116520,0.000835
116540,0.000000
116560,0.000000
116580,0.000826
116600,0.000000
116620,0.000000
116640,0.000001
116660,0.000000
116680,0.000827
116700,0.000827
116720,0.000000
116740,0.000000
116760,0.000827
116780,0.000000
116800,0.000000
116820,0.000827
116840,0.000000
116860,0.000000
116880,0.000827
116900,0.000827
116920,0.000001
116940,0.000827
116960,0.000827
116980,0.000000
117000,0.000827
117020,0.000000
117040,0.000000
117060,0.000000
117080,0.000000
117100,0.000827
117120,0.000827
117140,0.000000
117160,0.000827
117180,0.943825
117200,0.000000
117220,0.000829
117240,0.000001
117260,0.000000
117280,0.000000
117300,0.000001
117320,0.000828
117340,0.000827
117360,0.000000
117380,0.000000
117400,0.000000
117420,0.000000
117440,0.000827
117460,0.000000
117480,0.000000
117500,0.000001
117520,0.000001
117540,0.000000
117560,0.000829
117580,0.000000
117600,0.000000
117620,0.000000
117640,0.000001
117660,0.000827
117680,0.000827
117700,0.000827
117720,0.000001
117740,0.000000
117760,0.943803
117780,0.000827
117800,0.000000
117820,0.000000
117840,0.000000
117860,0.000001
117880,0.000828
117900,0.000000
117920,0.000828
117940,0.000000
117960,0.000001
117980,0.000000
118000,0.001269
118020,0.000001
118040,0.000001
118060,0.000936
118080,0.000827
118100,0.000000
118120,0.000001
118140,0.000827
118160,0.000001
118180,0.000000
118200,0.000000
118220,0.000000
118240,0.000000
118260,0.000000
118280,0.000000
118300,0.000827
118320,0.000000
118340,0.000001
118360,0.000000
118380,0.000000
118400,0.000000
118420,0.000000
118440,0.000000
118460,0.000000
118480,0.000001
118500,0.000000
118520,0.000000
118540,0.000828
118560,0.000000
118580,0.000828
118600,0.000836
118620,0.000828
118640,0.000000
118660,0.000000
118680,0.000000
118700,0.000000
118720,0.000828
118740,0.000000
118760,0.000000
118780,0.000000
118800,0.001268
118820,0.000001
118840,0.000828
118860,0.000098
118880,0.000000
118900,0.000000
118920,0.000000
118940,0.000001
118960,0.000000
118980,0.000000
119000,0.000000
119020,0.000828
119040,0.000097
119060,0.000828
119080,0.000828
119100,0.000000
119120,0.000000
119140,0.000828
119160,0.000000
119180,0.000000
119200,0.000000
119220,0.000827
119240,0.000000
119260,0.000000
119280,0.000000
119300,0.000827
119320,0.000000
119340,0.000001
119360,0.000828
119380,0.000001
119400,0.000000
119420,0.000828
119440,0.000000
119460,0.000827
119480,0.000000
119500,0.000827
119520,0.000000
119540,0.000096
119560,0.000000
119580,0.000827
119600,0.000000
119620,0.000827
119640,0.000000
119660,0.001267
119680,0.000828
119700,0.000828
119720,0.000000
119740,0.000828
119760,0.000001
119780,0.000836
119800,0.000000
119820,0.000000
119840,0.000001
119860,0.000000
119880,0.000000
119900,0.000000
119920,0.000828
119940,0.000094
119960,0.000095
119980,0.000000
0,0.000828
