./perceptron -c 4 3 4 3 --with-bias -e40000 --log-learning ../data/iris4343_40000 
0,0.323321
20,0.006686
40,0.004933
60,0.019880
80,0.087788
100,0.000659
120,0.000518
140,0.012238
160,0.000223
180,0.000219
200,0.000201
220,0.004183
240,0.083614
260,0.007283
280,0.001992
300,0.005843
320,0.004270
340,0.002686
360,0.005865
380,0.901080
400,0.000102
420,0.002767
440,0.000083
460,0.002573
480,0.000087
500,0.001719
520,0.001984
540,0.001342
560,0.001139
580,0.001135
600,0.000085
620,0.002825
640,0.000255
660,0.000225
680,0.000074
700,0.000071
720,0.000071
740,0.000069
760,0.000071
780,0.000073
800,0.000062
820,0.000820
840,0.000813
860,0.000055
880,0.000056
900,0.000096
920,0.000055
940,0.000088
960,0.000801
980,0.000799
1000,0.000051
1020,0.000047
1040,0.000044
1060,0.000790
1080,0.000918
1100,0.000042
1120,0.000044
1140,0.000040
1160,0.000060
1180,0.945785
1200,0.000057
1220,0.000036
1240,0.000792
1260,0.000791
1280,0.000035
1300,0.000788
1320,0.000790
1340,0.000786
1360,0.000032
1380,0.000788
1400,0.000031
1420,0.000031
1440,0.000042
1460,0.000788
1480,0.000039
1500,0.000040
1520,0.001529
1540,0.000037
1560,0.000036
1580,0.000027
1600,0.000045
1620,0.000027
1640,0.000026
1660,0.000033
1680,0.000032
1700,0.000024
1720,0.000025
1740,0.000030
1760,0.000789
1780,0.000024
1800,0.000023
1820,0.000023
1840,0.000028
1860,0.000791
1880,0.000028
1900,0.000024
1920,0.000790
1940,0.000027
1960,0.000026
1980,0.000030
2000,0.000021
2020,0.000025
2040,0.000022
2060,0.000022
2080,0.000790
2100,0.000020
2120,0.000023
2140,0.000022
2160,0.000022
2180,0.000021
2200,0.000022
2220,0.000789
2240,0.000026
2260,0.000789
2280,0.000020
2300,0.000021
2320,0.000020
2340,0.000789
2360,0.000020
2380,0.000023
2400,0.000790
2420,0.000017
2440,0.000788
2460,0.000018
2480,0.000018
2500,0.000018
2520,0.000016
2540,0.000017
2560,0.000017
2580,0.000795
2600,0.000017
2620,0.000015
2640,0.000015
2660,0.000019
2680,0.000809
2700,0.000016
2720,0.000016
2740,0.000016
2760,0.000799
2780,0.000015
2800,0.000015
2820,0.945848
2840,0.000014
2860,0.000790
2880,0.000015
2900,0.000015
2920,0.000015
2940,0.000791
2960,0.000794
2980,0.000013
3000,0.000014
3020,0.000797
3040,0.000019
3060,0.000797
3080,0.000014
3100,0.000013
3120,0.000014
3140,0.000015
3160,0.000795
3180,0.000013
3200,0.000013
3220,0.000012
3240,0.000795
3260,0.000796
3280,0.000792
3300,0.000012
3320,0.000012
3340,0.000012
3360,0.000012
3380,0.000012
3400,0.000012
3420,0.000012
3440,0.000012
3460,0.000011
3480,0.000011
3500,0.000012
3520,0.000011
3540,0.000797
3560,0.000793
3580,0.000011
3600,0.000011
3620,0.000011
3640,0.000013
3660,0.000011
3680,0.000012
3700,0.000011
3720,0.000792
3740,0.000011
3760,0.000010
3780,0.000011
3800,0.000010
3820,0.000010
3840,0.000010
3860,0.000794
3880,0.000819
3900,0.000011
3920,0.000011
3940,0.000010
3960,0.000010
3980,0.000798
4000,0.000010
4020,0.000011
4040,0.000011
4060,0.000010
4080,0.000009
4100,0.000009
4120,0.000010
4140,0.000797
4160,0.000009
4180,0.000797
4200,0.000798
4220,0.000821
4240,0.000009
4260,0.000009
4280,0.000800
4300,0.000009
4320,0.000009
4340,0.000009
4360,0.000009
4380,0.000802
4400,0.000801
4420,0.000008
4440,0.000010
4460,0.000009
4480,0.000010
4500,0.000801
4520,0.000009
4540,0.000008
4560,0.000008
4580,0.000008
4600,0.000008
4620,0.001194
4640,0.000801
4660,0.000009
4680,0.000008
4700,0.000799
4720,0.000008
4740,0.000008
4760,0.000008
4780,0.000008
4800,0.000801
4820,0.000803
4840,0.000007
4860,0.000806
4880,0.000008
4900,0.000803
4920,0.000801
4940,0.000008
4960,0.000804
4980,0.000008
5000,0.000008
5020,0.000008
5040,0.000008
5060,0.000802
5080,0.000958
5100,0.000803
5120,0.000008
5140,0.000008
5160,0.000803
5180,0.000007
5200,0.000802
5220,0.000008
5240,0.000007
5260,0.000954
5280,0.000007
5300,0.000007
5320,0.000007
5340,0.000804
5360,0.000233
5380,0.000007
5400,0.000803
5420,0.000801
5440,0.000007
5460,0.000007
5480,0.000006
5500,0.000801
5520,0.000007
5540,0.000802
5560,0.000805
5580,0.000006
5600,0.000007
5620,0.000008
5640,0.000007
5660,0.000007
5680,0.000804
5700,0.000006
5720,0.000006
5740,0.000809
5760,0.000007
5780,0.000006
5800,0.000954
5820,0.001278
5840,0.000007
5860,0.000008
5880,0.000007
5900,0.000007
5920,0.000007
5940,0.000806
5960,0.000006
5980,0.000807
6000,0.000806
6020,0.000006
6040,0.000006
6060,0.000807
6080,0.001280
6100,0.000805
6120,0.000804
6140,0.000006
6160,0.000006
6180,0.000006
6200,0.000007
6220,0.000006
6240,0.000006
6260,0.000006
6280,0.000006
6300,0.000806
6320,0.000804
6340,0.000006
6360,0.000007
6380,0.000805
6400,0.000005
6420,0.000006
6440,0.000943
6460,0.000006
6480,0.000806
6500,0.000805
6520,0.000006
6540,0.000006
6560,0.001256
6580,0.000005
6600,0.000006
6620,0.000005
6640,0.000807
6660,0.000006
6680,0.000006
6700,0.000006
6720,0.000806
6740,0.000006
6760,0.000806
6780,0.000006
6800,0.000005
6820,0.000807
6840,0.000006
6860,0.000006
6880,0.000005
6900,0.000006
6920,0.000006
6940,0.000006
6960,0.000810
6980,0.000008
7000,0.000005
7020,0.000808
7040,0.000005
7060,0.000005
7080,0.000007
7100,0.000808
7120,0.001242
7140,0.000005
7160,0.000006
7180,0.000005
7200,0.000005
7220,0.000807
7240,0.000004
7260,0.000006
7280,0.000006
7300,0.000004
7320,0.000005
7340,0.000004
7360,0.000006
7380,0.945255
7400,0.000812
7420,0.000826
7440,0.000004
7460,0.000809
7480,0.000005
7500,0.000005
7520,0.000005
7540,0.000811
7560,0.000006
7580,0.000812
7600,0.000812
7620,0.000005
7640,0.000005
7660,0.000821
7680,0.000005
7700,0.000809
7720,0.000004
7740,0.000004
7760,0.000004
7780,0.000810
7800,0.000810
7820,0.000004
7840,0.000004
7860,0.000004
7880,0.000812
7900,0.000005
7920,0.000004
7940,0.000171
7960,0.000004
7980,0.000004
8000,0.000807
8020,0.000004
8040,0.000807
8060,0.000004
8080,0.000004
8100,0.000004
8120,0.000005
8140,0.000812
8160,0.000004
8180,0.000004
8200,0.000812
8220,0.945306
8240,0.000004
8260,0.001208
8280,0.000812
8300,0.000812
8320,0.000004
8340,0.000005
8360,0.000937
8380,0.000005
8400,0.000005
8420,0.000005
8440,0.000812
8460,0.000005
8480,0.000005
8500,0.001065
8520,0.000004
8540,0.000813
8560,0.000162
8580,0.000810
8600,0.000005
8620,0.000005
8640,0.000809
8660,0.000004
8680,0.000004
8700,0.000809
8720,0.000004
8740,0.000814
8760,0.000004
8780,0.000814
8800,0.000813
8820,0.000005
8840,0.000815
8860,0.000156
8880,0.000005
8900,0.000004
8920,0.000004
8940,0.000003
8960,0.000005
8980,0.000815
9000,0.000813
9020,0.000004
9040,0.000816
9060,0.000003
9080,0.000822
9100,0.000003
9120,0.000003
9140,0.001191
9160,0.000812
9180,0.000004
9200,0.000814
9220,0.001061
9240,0.000156
9260,0.000005
9280,0.000004
9300,0.000814
9320,0.000003
9340,0.000812
9360,0.001052
9380,0.001183
9400,0.000004
9420,0.000003
9440,0.000148
9460,0.000930
9480,0.000812
9500,0.000003
9520,0.001185
9540,0.000004
9560,0.000813
9580,0.000004
9600,0.000004
9620,0.000813
9640,0.000003
9660,0.000814
9680,0.000004
9700,0.000004
9720,0.000004
9740,0.000814
9760,0.000004
9780,0.000004
9800,0.000005
9820,0.000815
9840,0.000004
9860,0.000814
9880,0.000003
9900,0.000928
9920,0.000003
9940,0.000004
9960,0.000004
9980,0.000817
10000,0.000814
10020,0.000816
10040,0.000003
10060,0.945068
10080,0.000004
10100,0.000003
10120,0.000004
10140,0.000817
10160,0.000815
10180,0.000003
10200,0.000003
10220,0.000815
10240,0.000004
10260,0.945157
10280,0.000818
10300,0.000815
10320,0.000004
10340,0.000004
10360,0.000004
10380,0.000003
10400,0.000003
10420,0.000817
10440,0.000003
10460,0.000003
10480,0.000816
10500,0.000003
10520,0.000004
10540,0.000003
10560,0.000004
10580,0.000004
10600,0.000812
10620,0.000812
10640,0.000004
10660,0.000814
10680,0.000004
10700,0.000818
10720,0.000004
10740,0.000817
10760,0.001035
10780,0.000004
10800,0.000814
10820,0.000004
10840,0.000003
10860,0.000003
10880,0.000003
10900,0.945094
10920,0.000816
10940,0.000003
10960,0.000003
10980,0.000814
11000,0.000817
11020,0.001032
11040,0.000003
11060,0.000814
11080,0.000003
11100,0.000814
11120,0.000003
11140,0.000003
11160,0.000816
11180,0.000003
11200,0.000003
11220,0.000816
11240,0.000003
11260,0.000003
11280,0.000815
11300,0.000812
11320,0.000003
11340,0.000003
11360,0.000819
11380,0.000004
11400,0.000002
11420,0.001021
11440,0.000004
11460,0.000003
11480,0.000004
11500,0.000817
11520,0.000003
11540,0.000002
11560,0.000830
11580,0.000003
11600,0.000002
11620,0.000003
11640,0.000815
11660,0.000815
11680,0.000817
11700,0.000818
11720,0.000002
11740,0.000003
11760,0.000003
11780,0.000815
11800,0.001148
11820,0.000816
11840,0.000002
11860,0.000003
11880,0.000003
11900,0.000003
11920,0.000002
11940,0.000003
11960,0.000003
11980,0.000814
12000,0.000814
12020,0.000813
12040,0.000002
12060,0.000002
12080,0.000793
12100,0.000003
12120,0.000003
12140,0.000004
12160,0.000003
12180,0.000003
12200,0.000003
12220,0.000003
12240,0.000002
12260,0.000003
12280,0.000815
12300,0.000003
12320,0.000817
12340,0.000816
12360,0.000818
12380,0.000003
12400,0.000003
12420,0.000816
12440,0.000002
12460,0.000002
12480,0.000003
12500,0.000003
12520,0.000003
12540,0.000003
12560,0.000003
12580,0.000817
12600,0.000816
12620,0.000816
12640,0.000819
12660,0.000817
12680,0.000003
12700,0.000003
12720,0.000002
12740,0.000003
12760,0.000003
12780,0.000002
12800,0.000003
12820,0.000003
12840,0.000002
12860,0.000003
12880,0.000002
12900,0.000002
12920,0.000003
12940,0.000003
12960,0.000820
12980,0.000816
13000,0.000003
13020,0.000817
13040,0.000817
13060,0.000003
13080,0.000003
13100,0.000003
13120,0.000003
13140,0.000002
13160,0.000003
13180,0.000003
13200,0.000003
13220,0.000002
13240,0.000002
13260,0.000003
13280,0.000818
13300,0.000003
13320,0.000002
13340,0.000820
13360,0.000914
13380,0.000002
13400,0.000817
13420,0.000003
13440,0.000003
13460,0.000819
13480,0.000818
13500,0.000002
13520,0.000817
13540,0.000003
13560,0.000819
13580,0.000003
13600,0.000002
13620,0.000002
13640,0.000003
13660,0.000002
13680,0.000003
13700,0.000003
13720,0.000003
13740,0.000003
13760,0.000818
13780,0.000820
13800,0.001125
13820,0.000002
13840,0.000798
13860,0.000003
13880,0.000003
13900,0.000003
13920,0.000002
13940,0.000819
13960,0.000003
13980,0.000003
14000,0.000817
14020,0.000820
14040,0.000003
14060,0.000003
14080,0.000818
14100,0.000002
14120,0.000002
14140,0.000002
14160,0.000002
14180,0.000002
14200,0.000003
14220,0.000002
14240,0.000820
14260,0.000820
14280,0.000002
14300,0.000823
14320,0.000003
14340,0.000002
14360,0.000003
14380,0.000002
14400,0.000002
14420,0.000002
14440,0.000817
14460,0.000003
14480,0.000002
14500,0.000002
14520,0.000819
14540,0.000002
14560,0.000002
14580,0.000003
14600,0.000002
14620,0.000002
14640,0.000003
14660,0.000004
14680,0.001113
14700,0.000003
14720,0.000003
14740,0.000003
14760,0.000003
14780,0.000832
14800,0.000002
14820,0.000003
14840,0.000822
14860,0.000003
14880,0.000004
14900,0.000002
14920,0.000822
14940,0.000820
14960,0.000003
14980,0.000002
15000,0.000002
15020,0.000003
15040,0.000002
15060,0.000003
15080,0.000821
15100,0.000003
15120,0.000002
15140,0.000821
15160,0.000821
15180,0.000822
15200,0.000820
15220,0.000003
15240,0.000004
15260,0.000002
15280,0.000002
15300,0.000822
15320,0.000002
15340,0.000830
15360,0.000831
15380,0.000820
15400,0.000002
15420,0.000002
15440,0.000819
15460,0.000002
15480,0.000003
15500,0.000820
15520,0.000002
15540,0.000002
15560,0.000002
15580,0.000002
15600,0.000002
15620,0.000002
15640,0.000820
15660,0.000002
15680,0.000003
15700,0.000002
15720,0.000822
15740,0.000002
15760,0.000822
15780,0.000003
15800,0.000821
15820,0.000002
15840,0.000002
15860,0.000002
15880,0.000002
15900,0.000003
15920,0.000002
15940,0.000823
15960,0.000825
15980,0.000002
16000,0.000002
16020,0.000823
16040,0.000822
16060,0.000002
16080,0.000002
16100,0.000822
16120,0.000823
16140,0.944940
16160,0.000003
16180,0.000002
16200,0.944958
16220,0.000002
16240,0.000002
16260,0.000002
16280,0.000003
16300,0.000003
16320,0.000822
16340,0.000002
16360,0.000798
16380,0.000002
16400,0.000821
16420,0.000821
16440,0.000002
16460,0.000002
16480,0.000821
16500,0.000825
16520,0.000002
16540,0.000002
16560,0.000003
16580,0.000002
16600,0.000002
16620,0.000002
16640,0.000002
16660,0.000003
16680,0.000820
16700,0.000002
16720,0.000002
16740,0.000002
16760,0.000002
16780,0.000002
16800,0.000824
16820,0.000002
16840,0.000003
16860,0.000002
16880,0.000822
16900,0.000822
16920,0.000904
16940,0.000823
16960,0.000002
16980,0.000822
17000,0.000821
17020,0.000002
17040,0.000002
17060,0.000002
17080,0.000002
17100,0.000823
17120,0.000003
17140,0.000002
17160,0.000002
17180,0.000002
17200,0.000818
17220,0.000002
17240,0.000002
17260,0.000821
17280,0.000002
17300,0.000002
17320,0.000001
17340,0.000002
17360,0.000833
17380,0.000002
17400,0.000001
17420,0.000824
17440,0.000001
17460,0.000826
17480,0.000002
17500,0.000824
17520,0.000823
17540,0.000002
17560,0.000002
17580,0.000002
17600,0.000002
17620,0.000001
17640,0.000825
17660,0.000002
17680,0.000003
17700,0.000001
17720,0.000001
17740,0.000001
17760,0.000822
17780,0.000001
17800,0.000002
17820,0.001078
17840,0.000001
17860,0.000822
17880,0.000002
17900,0.000830
17920,0.000001
17940,0.000820
17960,0.000002
17980,0.000821
18000,0.000002
18020,0.000821
18040,0.000001
18060,0.000001
18080,0.000002
18100,0.000822
18120,0.000002
18140,0.000002
18160,0.000824
18180,0.000966
18200,0.000822
18220,0.000002
18240,0.000002
18260,0.000904
18280,0.000002
18300,0.000002
18320,0.000002
18340,0.000001
18360,0.000002
18380,0.000002
18400,0.000001
18420,0.000002
18440,0.000003
18460,0.000002
18480,0.000002
18500,0.000002
18520,0.000001
18540,0.000002
18560,0.000002
18580,0.000001
18600,0.000897
18620,0.000002
18640,0.000001
18660,0.000822
18680,0.000001
18700,0.000002
18720,0.000002
18740,0.000001
18760,0.000001
18780,0.000002
18800,0.000001
18820,0.000823
18840,0.000002
18860,0.000002
18880,0.000002
18900,0.000002
18920,0.000825
18940,0.000002
18960,0.000001
18980,0.000001
19000,0.000002
19020,0.000823
19040,0.000002
19060,0.000002
19080,0.000001
19100,0.000001
19120,0.000001
19140,0.000002
19160,0.000002
19180,0.000827
19200,0.000002
19220,0.000001
19240,0.000001
19260,0.000002
19280,0.000003
19300,0.000002
19320,0.000825
19340,0.000001
19360,0.000001
19380,0.000829
19400,0.000002
19420,0.000822
19440,0.000002
19460,0.000002
19480,0.000900
19500,0.000803
19520,0.000825
19540,0.000822
19560,0.000002
19580,0.000002
19600,0.000001
19620,0.000002
19640,0.000001
19660,0.000002
19680,0.000002
19700,0.000001
19720,0.000001
19740,0.000822
19760,0.000824
19780,0.000002
19800,0.000001
19820,0.000002
19840,0.000002
19860,0.000002
19880,0.000823
19900,0.000002
19920,0.000002
19940,0.000002
19960,0.000826
19980,0.000827
20000,0.000825
20020,0.000001
20040,0.000002
20060,0.000002
20080,0.000002
20100,0.000002
20120,0.000002
20140,0.000002
20160,0.000001
20180,0.000002
20200,0.000002
20220,0.000002
20240,0.000824
20260,0.000002
20280,0.000822
20300,0.000821
20320,0.000001
20340,0.000825
20360,0.000826
20380,0.000001
20400,0.000001
20420,0.000825
20440,0.000002
20460,0.000002
20480,0.000827
20500,0.000002
20520,0.001063
20540,0.000824
20560,0.000001
20580,0.000002
20600,0.000825
20620,0.000001
20640,0.000827
20660,0.000002
20680,0.000002
20700,0.000002
20720,0.000829
20740,0.000002
20760,0.000827
20780,0.000001
20800,0.000823
20820,0.000001
20840,0.000828
20860,0.000001
20880,0.000001
20900,0.000001
20920,0.000001
20940,0.000824
20960,0.000077
20980,0.001055
21000,0.000825
21020,0.000001
21040,0.000002
21060,0.000001
21080,0.000002
21100,0.000002
21120,0.000002
21140,0.000001
21160,0.000001
21180,0.000824
21200,0.000824
21220,0.000827
21240,0.000825
21260,0.000002
21280,0.000829
21300,0.000002
21320,0.000002
21340,0.000826
21360,0.000826
21380,0.000828
21400,0.000001
21420,0.000001
21440,0.001058
21460,0.000898
21480,0.000002
21500,0.000825
21520,0.000002
21540,0.000823
21560,0.000824
21580,0.000002
21600,0.000826
21620,0.000823
21640,0.000825
21660,0.000002
21680,0.000827
21700,0.944845
21720,0.000001
21740,0.000001
21760,0.000828
21780,0.000002
21800,0.000002
21820,0.000002
21840,0.000825
21860,0.000001
21880,0.000828
21900,0.000001
21920,0.000001
21940,0.000001
21960,0.000002
21980,0.000002
22000,0.000829
22020,0.000002
22040,0.000002
22060,0.000002
22080,0.000002
22100,0.000829
22120,0.000001
22140,0.000002
22160,0.000001
22180,0.000001
22200,0.000002
22220,0.000002
22240,0.000828
22260,0.000824
22280,0.000002
22300,0.000001
22320,0.000002
22340,0.000002
22360,0.000002
22380,0.000001
22400,0.000821
22420,0.000002
22440,0.000826
22460,0.000825
22480,0.000001
22500,0.000077
22520,0.000002
22540,0.000001
22560,0.000001
22580,0.000001
22600,0.000001
22620,0.000001
22640,0.000825
22660,0.000826
22680,0.000001
22700,0.000838
22720,0.000001
22740,0.000001
22760,0.000001
22780,0.000001
22800,0.000001
22820,0.000002
22840,0.000001
22860,0.000002
22880,0.000001
22900,0.000001
22920,0.000001
22940,0.000002
22960,0.000002
22980,0.000825
23000,0.000001
23020,0.944787
23040,0.000002
23060,0.000829
23080,0.000001
23100,0.000001
23120,0.000002
23140,0.000002
23160,0.000001
23180,0.000002
23200,0.001045
23220,0.000826
23240,0.000827
23260,0.000001
23280,0.000002
23300,0.000001
23320,0.000001
23340,0.000002
23360,0.000002
23380,0.000827
23400,0.000001
23420,0.000823
23440,0.000825
23460,0.000002
23480,0.000001
23500,0.000002
23520,0.000002
23540,0.000001
23560,0.000002
23580,0.000002
23600,0.000825
23620,0.000002
23640,0.000823
23660,0.000002
23680,0.000826
23700,0.000001
23720,0.000001
23740,0.000002
23760,0.000003
23780,0.000827
23800,0.000825
23820,0.000001
23840,0.000001
23860,0.000001
23880,0.000002
23900,0.000001
23920,0.000829
23940,0.000001
23960,0.000828
23980,0.000001
24000,0.000831
24020,0.000823
24040,0.000824
24060,0.000002
24080,0.000001
24100,0.000825
24120,0.000001
24140,0.000826
24160,0.000002
24180,0.000002
24200,0.000001
24220,0.000001
24240,0.000068
24260,0.000827
24280,0.000826
24300,0.000824
24320,0.000002
24340,0.000002
24360,0.000001
24380,0.000820
24400,0.000067
24420,0.000002
24440,0.000002
24460,0.000001
24480,0.000002
24500,0.000002
24520,0.000002
24540,0.001036
24560,0.000002
24580,0.000002
24600,0.000826
24620,0.000002
24640,0.000827
24660,0.000002
24680,0.000827
24700,0.000827
24720,0.000001
24740,0.000828
24760,0.001038
24780,0.000002
24800,0.000002
24820,0.000826
24840,0.000001
24860,0.000002
24880,0.000002
24900,0.000828
24920,0.000826
24940,0.000002
24960,0.000827
24980,0.000001
25000,0.000001
25020,0.000001
25040,0.000002
25060,0.000002
25080,0.000002
25100,0.000001
25120,0.000001
25140,0.000001
25160,0.000829
25180,0.000001
25200,0.000829
25220,0.000002
25240,0.000001
25260,0.000830
25280,0.000829
25300,0.000001
25320,0.000002
25340,0.001036
25360,0.000001
25380,0.000001
25400,0.000066
25420,0.000002
25440,0.000001
25460,0.000826
25480,0.000001
25500,0.000001
25520,0.000001
25540,0.000002
25560,0.000829
25580,0.000828
25600,0.000001
25620,0.000001
25640,0.000826
25660,0.000002
25680,0.000002
25700,0.000829
25720,0.000828
25740,0.000825
25760,0.000001
25780,0.001030
25800,0.001029
25820,0.000001
25840,0.000827
25860,0.944778
25880,0.000002
25900,0.000001
25920,0.000827
25940,0.000001
25960,0.000001
25980,0.000001
26000,0.000001
26020,0.000001
26040,0.000001
26060,0.000001
26080,0.000001
26100,0.000002
26120,0.000001
26140,0.000001
26160,0.000002
26180,0.000001
26200,0.000002
26220,0.000824
26240,0.000001
26260,0.000828
26280,0.000825
26300,0.000001
26320,0.000001
26340,0.000001
26360,0.000827
26380,0.000829
26400,0.000829
26420,0.000001
26440,0.000001
26460,0.000827
26480,0.000825
26500,0.000001
26520,0.000001
26540,0.000002
26560,0.944785
26580,0.000001
26600,0.000001
26620,0.000831
26640,0.000002
26660,0.000001
26680,0.000001
26700,0.000829
26720,0.000001
26740,0.000001
26760,0.000001
26780,0.000831
26800,0.000835
26820,0.000002
26840,0.000001
26860,0.000831
26880,0.000001
26900,0.000830
26920,0.000826
26940,0.000001
26960,0.000001
26980,0.000001
27000,0.000827
27020,0.000001
27040,0.000001
27060,0.000002
27080,0.000001
27100,0.000001
27120,0.000827
27140,0.000829
27160,0.000001
27180,0.000001
27200,0.000001
27220,0.000827
27240,0.000827
27260,0.944846
27280,0.000001
27300,0.000001
27320,0.000002
27340,0.944731
27360,0.000001
27380,0.000001
27400,0.000001
27420,0.001025
27440,0.000001
27460,0.000001
27480,0.000001
27500,0.000001
27520,0.000001
27540,0.000827
27560,0.000001
27580,0.000001
27600,0.000886
27620,0.000001
27640,0.000828
27660,0.000001
27680,0.000001
27700,0.000001
27720,0.000832
27740,0.001023
27760,0.000001
27780,0.000001
27800,0.000828
27820,0.000829
27840,0.000832
27860,0.000001
27880,0.000827
27900,0.000001
27920,0.000001
27940,0.001019
27960,0.000001
27980,0.000828
28000,0.000001
28020,0.000001
28040,0.000001
28060,0.944780
28080,0.000830
28100,0.000924
28120,0.000001
28140,0.000001
28160,0.000001
28180,0.000830
28200,0.000001
28220,0.000001
28240,0.000830
28260,0.000001
28280,0.000001
28300,0.000001
28320,0.000060
28340,0.000001
28360,0.000002
28380,0.001014
28400,0.000001
28420,0.000001
28440,0.000001
28460,0.000001
28480,0.000001
28500,0.000001
28520,0.000001
28540,0.000001
28560,0.000829
28580,0.000829
28600,0.000001
28620,0.000001
28640,0.000001
28660,0.000001
28680,0.000827
28700,0.000001
28720,0.000001
28740,0.000001
28760,0.000001
28780,0.000830
28800,0.000827
28820,0.000805
28840,0.000001
28860,0.000825
28880,0.000830
28900,0.000830
28920,0.000001
28940,0.000828
28960,0.000001
28980,0.000001
29000,0.000828
29020,0.000001
29040,0.944725
29060,0.000001
29080,0.000001
29100,0.000832
29120,0.000832
29140,0.000001
29160,0.000001
29180,0.000887
29200,0.000831
29220,0.000001
29240,0.000001
29260,0.000001
29280,0.000001
29300,0.000828
29320,0.000001
29340,0.000001
29360,0.000001
29380,0.000001
29400,0.000828
29420,0.000001
29440,0.000829
29460,0.000001
29480,0.000829
29500,0.000001
29520,0.000001
29540,0.000001
29560,0.000001
29580,0.000001
29600,0.000832
29620,0.000832
29640,0.000830
29660,0.000001
29680,0.000001
29700,0.000001
29720,0.000830
29740,0.000001
29760,0.000829
29780,0.000001
29800,0.000001
29820,0.000001
29840,0.000833
29860,0.000001
29880,0.000001
29900,0.000827
29920,0.000829
29940,0.000001
29960,0.944815
29980,0.000832
30000,0.000829
30020,0.000001
30040,0.000828
30060,0.000002
30080,0.000001
30100,0.000001
30120,0.000001
30140,0.000001
30160,0.944769
30180,0.000829
30200,0.000001
30220,0.000830
30240,0.000831
30260,0.000001
30280,0.000001
30300,0.000001
30320,0.000001
30340,0.000001
30360,0.000001
30380,0.000001
30400,0.000001
30420,0.000828
30440,0.000831
30460,0.000828
30480,0.000830
30500,0.000001
30520,0.000827
30540,0.000001
30560,0.000001
30580,0.000831
30600,0.000001
30620,0.000001
30640,0.000001
30660,0.000917
30680,0.000827
30700,0.000826
30720,0.000001
30740,0.000001
30760,0.000001
30780,0.000001
30800,0.000001
30820,0.000832
30840,0.000001
30860,0.000001
30880,0.000001
30900,0.000828
30920,0.000001
30940,0.000001
30960,0.000001
30980,0.000829
31000,0.000001
31020,0.000001
31040,0.000001
31060,0.000832
31080,0.000001
31100,0.000831
31120,0.000001
31140,0.000830
31160,0.000001
31180,0.000828
31200,0.000001
31220,0.000830
31240,0.000001
31260,0.000001
31280,0.000001
31300,0.000001
31320,0.000001
31340,0.000001
31360,0.000001
31380,0.000001
31400,0.000054
31420,0.000001
31440,0.000001
31460,0.000001
31480,0.000829
31500,0.000827
31520,0.000001
31540,0.000001
31560,0.000830
31580,0.000001
31600,0.000001
31620,0.000831
31640,0.000001
31660,0.944755
31680,0.000830
31700,0.000831
31720,0.000828
31740,0.000831
31760,0.000001
31780,0.000831
31800,0.000830
31820,0.000001
31840,0.000001
31860,0.000001
31880,0.000835
31900,0.000001
31920,0.000001
31940,0.000001
31960,0.000001
31980,0.000001
32000,0.000001
32020,0.000001
32040,0.000001
32060,0.000001
32080,0.000829
32100,0.000001
32120,0.000883
32140,0.000001
32160,0.000001
32180,0.000001
32200,0.000053
32220,0.000001
32240,0.001000
32260,0.000001
32280,0.000001
32300,0.000831
32320,0.000001
32340,0.000886
32360,0.000001
32380,0.000832
32400,0.000001
32420,0.000001
32440,0.000001
32460,0.000831
32480,0.000001
32500,0.000830
32520,0.000003
32540,0.000001
32560,0.000830
32580,0.000830
32600,0.000828
32620,0.000830
32640,0.000001
32660,0.000001
32680,0.000001
32700,0.000001
32720,0.000834
32740,0.000001
32760,0.000911
32780,0.000001
32800,0.000001
32820,0.000827
32840,0.000001
32860,0.000001
32880,0.000001
32900,0.000001
32920,0.000001
32940,0.000831
32960,0.000001
32980,0.000001
33000,0.000832
33020,0.000831
33040,0.000832
33060,0.000833
33080,0.000001
33100,0.000001
33120,0.000001
33140,0.000831
33160,0.000001
33180,0.000830
33200,0.000001
33220,0.000001
33240,0.000001
33260,0.000831
33280,0.000001
33300,0.944691
33320,0.000001
33340,0.000001
33360,0.000001
33380,0.000001
33400,0.000001
33420,0.000001
33440,0.000001
33460,0.000833
33480,0.000830
33500,0.000833
33520,0.000001
33540,0.000001
33560,0.000833
33580,0.000001
33600,0.000001
33620,0.000830
33640,0.000001
33660,0.000003
33680,0.000832
33700,0.000001
33720,0.000001
33740,0.000001
33760,0.000001
33780,0.000001
33800,0.000001
33820,0.000001
33840,0.000001
33860,0.000001
33880,0.000830
33900,0.000830
33920,0.000001
33940,0.000001
33960,0.000001
33980,0.000001
34000,0.000001
34020,0.000828
34040,0.000001
34060,0.000832
34080,0.000001
34100,0.000001
34120,0.000885
34140,0.000001
34160,0.000835
34180,0.000835
34200,0.000831
34220,0.000831
34240,0.000001
34260,0.000001
34280,0.000001
34300,0.000829
34320,0.000001
34340,0.000001
34360,0.000831
34380,0.000001
34400,0.000001
34420,0.000001
34440,0.000001
34460,0.000001
34480,0.000001
34500,0.000001
34520,0.000001
34540,0.000003
34560,0.000830
34580,0.000001
34600,0.000001
34620,0.000001
34640,0.000831
34660,0.000832
34680,0.000001
34700,0.000830
34720,0.000829
34740,0.000001
34760,0.000831
34780,0.000833
34800,0.000001
34820,0.000001
34840,0.000001
34860,0.000001
34880,0.000001
34900,0.000831
34920,0.000001
34940,0.000001
34960,0.000001
34980,0.000001
35000,0.000001
35020,0.000828
35040,0.000001
35060,0.000001
35080,0.000003
35100,0.000001
35120,0.000001
35140,0.000830
35160,0.000001
35180,0.000001
35200,0.000833
35220,0.000001
35240,0.000834
35260,0.000001
35280,0.000001
35300,0.000001
35320,0.000001
35340,0.000001
35360,0.000001
35380,0.000836
35400,0.000001
35420,0.000001
35440,0.000001
35460,0.000001
35480,0.000829
35500,0.000001
35520,0.000837
35540,0.000001
35560,0.000001
35580,0.000833
35600,0.000003
35620,0.000048
35640,0.000832
35660,0.000001
35680,0.000830
35700,0.000831
35720,0.000001
35740,0.000001
35760,0.000001
35780,0.000001
35800,0.000001
35820,0.000001
35840,0.000833
35860,0.000001
35880,0.000831
35900,0.000830
35920,0.000001
35940,0.000835
35960,0.000001
35980,0.000830
36000,0.000001
36020,0.000001
36040,0.000830
36060,0.000001
36080,0.000835
36100,0.000001
36120,0.000001
36140,0.000001
36160,0.000835
36180,0.000001
36200,0.000831
36220,0.000834
36240,0.000834
36260,0.000001
36280,0.000001
36300,0.000833
36320,0.000833
36340,0.000001
36360,0.000001
36380,0.000001
36400,0.000001
36420,0.000836
36440,0.000833
36460,0.000836
36480,0.000003
36500,0.000001
36520,0.000001
36540,0.000835
36560,0.000001
36580,0.000001
36600,0.000001
36620,0.000001
36640,0.000831
36660,0.000830
36680,0.000001
36700,0.000001
36720,0.000001
36740,0.000001
36760,0.000001
36780,0.000831
36800,0.000001
36820,0.000001
36840,0.000001
36860,0.000834
36880,0.000833
36900,0.000001
36920,0.000829
36940,0.000001
36960,0.000001
36980,0.000828
37000,0.000830
37020,0.000830
37040,0.000001
37060,0.000840
37080,0.000835
37100,0.000001
37120,0.000001
37140,0.000001
37160,0.000001
37180,0.000832
37200,0.000001
37220,0.000812
37240,0.000001
37260,0.000831
37280,0.000832
37300,0.000837
37320,0.000877
37340,0.000001
37360,0.000001
37380,0.000831
37400,0.000831
37420,0.000001
37440,0.000880
37460,0.000832
37480,0.000001
37500,0.000001
37520,0.000001
37540,0.000831
37560,0.000001
37580,0.000001
37600,0.000001
37620,0.000986
37640,0.000001
37660,0.000831
37680,0.000001
37700,0.000836
37720,0.000828
37740,0.000001
37760,0.000001
37780,0.000001
37800,0.000001
37820,0.000830
37840,0.000001
37860,0.000833
37880,0.000001
37900,0.000001
37920,0.000831
37940,0.000001
37960,0.000001
37980,0.000001
38000,0.000838
38020,0.000903
38040,0.000902
38060,0.000001
38080,0.000001
38100,0.000001
38120,0.000001
38140,0.000834
38160,0.000001
38180,0.000001
38200,0.000001
38220,0.000001
38240,0.000832
38260,0.000001
38280,0.000001
38300,0.000001
38320,0.000001
38340,0.000832
38360,0.000001
38380,0.000001
38400,0.000001
38420,0.000001
38440,0.000830
38460,0.000831
38480,0.000001
38500,0.000001
38520,0.000833
38540,0.000831
38560,0.000001
38580,0.000829
38600,0.000001
38620,0.000001
38640,0.000001
38660,0.000001
38680,0.000830
38700,0.000001
38720,0.000001
38740,0.000001
38760,0.000001
38780,0.000834
38800,0.000001
38820,0.000001
38840,0.000001
38860,0.000001
38880,0.000001
38900,0.000001
38920,0.000830
38940,0.000831
38960,0.000831
38980,0.000001
39000,0.000001
39020,0.000900
39040,0.000001
39060,0.000001
39080,0.000001
39100,0.000001
39120,0.000001
39140,0.000001
39160,0.000001
39180,0.000001
39200,0.000881
39220,0.000834
39240,0.000903
39260,0.000001
39280,0.000001
39300,0.000001
39320,0.000001
39340,0.000831
39360,0.000001
39380,0.000001
39400,0.000045
39420,0.000001
39440,0.000833
39460,0.000001
39480,0.000003
39500,0.000001
39520,0.000001
39540,0.000836
39560,0.000001
39580,0.000001
39600,0.000001
39620,0.000001
39640,0.000001
39660,0.000001
39680,0.000001
39700,0.000833
39720,0.000001
39740,0.000832
39760,0.000001
39780,0.000001
39800,0.000832
39820,0.000001
39840,0.000832
39860,0.000833
39880,0.000001
39900,0.000826
39920,0.000829
39940,0.000001
39960,0.000828
39980,0.000001
0,0.000830
