./perceptron -c 4 5 4 3 --with-bias -l0.2 -m0.9 -e 70000 --log-learning ../data/iris_4543_70000b 
0,0.470579,0.349134,0.350015,0.0159098
20,0.468529,0.150287,0.291667,0.0132576
40,0.40063,0.0592516,0.680451,0.0309296
60,0.698912,0.0336312,0.627347,0.0285158
80,0.754271,0.0254005,0.728806,0.0331275
100,0.688824,0.030309,0.75835,0.0344705
120,0.706367,0.0339418,0.778727,0.0353967
140,0.696836,0.0301877,0.530412,0.0241096
160,0.909353,0.0252652,0.701061,0.0318664
180,0.824127,0.0242223,0.897251,0.0407842
200,0.47966,0.0188958,0.572956,0.0260435
220,0.892597,0.0268432,0.862198,0.0391908
240,0.798139,0.0175281,0.616748,0.028034
260,0.798198,0.0193435,0.744581,0.0338446
280,0.818442,0.022813,0.81087,0.0368577
300,0.737269,0.0149794,0.885363,0.0402438
320,0.84441,0.0323122,0.807157,0.036689
340,0.90724,0.0219963,0.915966,0.0416348
360,0.899505,0.0146302,0.727007,0.0330458
380,0.720806,0.0163718,0.744608,0.0338458
400,0.831515,0.0199662,0.705517,0.0320689
420,0.908724,0.0223751,0.870766,0.0395803
440,0.925983,0.0128859,0.756241,0.0343746
460,0.91772,0.014675,0.924782,0.0420355
480,0.887172,0.0187839,0.871479,0.0396127
500,0.925023,0.0229948,0.865692,0.0393496
520,0.920282,0.0176708,0.927258,0.0421481
540,0.942448,0.020376,0.83444,0.0379291
560,0.921329,0.0153615,0.865643,0.0393474
580,0.936112,0.0255567,0.901217,0.0409644
600,0.931015,0.0191829,0.937535,0.0426152
620,0.942262,0.0114361,0.913062,0.0415028
640,0.898755,0.0118003,0.901295,0.0409679
660,0.95953,0.0138421,0.959071,0.0435941
680,0.938253,0.0170618,0.959982,0.0436355
700,0.958123,0.0261281,0.945781,0.0429901
720,0.951097,0.02089,0.952772,0.0433078
740,0.924502,0.0182281,0.926776,0.0421262
760,0.958307,0.0253242,0.925899,0.0420863
780,0.926577,0.0137193,0.943048,0.0428658
800,0.947926,0.0155171,0.957918,0.0435417
820,0.931226,0.0175937,0.961053,0.0436842
840,0.960327,0.0143646,0.960912,0.0436778
860,0.960672,0.0224198,0.964758,0.0438526
880,0.956323,0.0214189,0.95615,0.0434614
900,0.962634,0.0259433,0.960826,0.0436739
920,0.961211,0.0106354,0.966573,0.0439352
940,0.969227,0.0107578,0.969849,0.044084
960,0.971403,0.0105248,0.971139,0.0441427
980,0.972641,0.0105118,0.973206,0.0442366
1000,0.974171,0.0104053,0.975012,0.0443187
1020,0.973662,0.0103918,0.974454,0.0442934
1040,0.974986,0.0104268,0.975376,0.0443353
1060,0.975444,0.0103775,0.976236,0.0443744
1080,0.975666,0.010343,0.976444,0.0443838
1100,0.975778,0.0103652,0.976475,0.0443852
1120,0.975839,0.0103375,0.976723,0.0443965
1140,0.976238,0.0103229,0.97661,0.0443914
1160,0.976267,0.0102926,0.976463,0.0443847
1180,0.976047,0.0102976,0.976951,0.0444068
1200,0.976409,0.0102822,0.976717,0.0443962
1220,0.97625,0.0102766,0.976554,0.0443888
1240,0.976406,0.0102615,0.976442,0.0443837
1260,0.976135,0.0102484,0.976596,0.0443907
1280,0.975904,0.0102404,0.977589,0.0444358
1300,0.975761,0.0102185,0.976386,0.0443812
1320,0.976063,0.0102271,0.977161,0.0444164
1340,0.97548,0.0102215,0.978059,0.0444572
1360,0.975426,0.0101991,0.98045,0.0445659
1380,0.975133,0.0101925,0.980952,0.0445887
1400,0.97465,0.0101964,0.979584,0.0445265
1420,0.974926,0.0101944,0.9803,0.0445591
1440,0.974543,0.0101909,0.980486,0.0445675
1460,0.97371,0.0101716,0.97765,0.0444387
1480,0.973878,0.010178,0.980108,0.0445504
1500,0.973591,0.0101686,0.983195,0.0446907
1520,0.973512,0.0101552,0.978439,0.0444745
1540,0.973221,0.0101645,0.981773,0.0446261
1560,0.973147,0.0101533,0.983745,0.0447157
1580,0.972387,0.0101428,0.981138,0.0445972
1600,0.97207,0.0101494,0.982603,0.0446638
1620,0.972051,0.0101445,0.983201,0.044691
1640,0.971452,0.0101433,0.982554,0.0446615
1660,0.970957,0.0101316,0.982202,0.0446456
1680,0.97119,0.0101268,0.983933,0.0447242
1700,0.97079,0.0101272,0.98404,0.0447291
1720,0.970115,0.0101204,0.981948,0.044634
1740,0.970445,0.0101181,0.982803,0.0446729
1760,0.969746,0.0101184,0.984761,0.0447618
1780,0.969556,0.0101083,0.984757,0.0447617
1800,0.969432,0.0101101,0.984604,0.0447547
1820,0.968658,0.0101046,0.984192,0.044736
1840,0.9688,0.0100943,0.983146,0.0446885
1860,0.968117,0.0100989,0.986032,0.0448197
1880,0.968349,0.0100874,0.983355,0.044698
1900,0.968156,0.0100891,0.986751,0.0448523
1920,0.967287,0.0100858,0.985109,0.0447777
1940,0.966989,0.0100876,0.986151,0.044825
1960,0.966813,0.0100843,0.987001,0.0448637
1980,0.966891,0.010077,0.98481,0.0447641
2000,0.966463,0.0100734,0.985168,0.0447804
2020,0.966999,0.0100716,0.987626,0.0448921
2040,0.966634,0.0100664,0.985039,0.0447745
2060,0.966644,0.0100695,0.987035,0.0448652
2080,0.9663,0.0100615,0.988552,0.0449342
2100,0.9659,0.0100623,0.9863,0.0448318
2120,0.965622,0.0100606,0.987014,0.0448643
2140,0.965201,0.0100592,0.987691,0.044895
2160,0.964943,0.0100561,0.98868,0.04494
2180,0.965299,0.0100509,0.989159,0.0449618
2200,0.964854,0.0100527,0.988856,0.044948
2220,0.964841,0.0100511,0.988181,0.0449173
2240,0.964785,0.0100515,0.988119,0.0449145
2260,0.964613,0.0100467,0.988416,0.044928
2280,0.964333,0.0100432,0.989412,0.0449733
2300,0.964097,0.0100377,0.988941,0.0449519
2320,0.963881,0.0100379,0.989423,0.0449738
2340,0.963256,0.010038,0.990101,0.0450046
2360,0.964075,0.0100321,0.989716,0.0449871
2380,0.963451,0.0100309,0.989222,0.0449646
2400,0.963516,0.0100273,0.99037,0.0450168
2420,0.962821,0.0100341,0.988815,0.0449461
2440,0.962831,0.0100315,0.98948,0.0449764
2460,0.962855,0.0100258,0.989396,0.0449725
2480,0.962616,0.0100258,0.989105,0.0449593
2500,0.962868,0.0100231,0.990352,0.045016
2520,0.962451,0.0100175,0.988754,0.0449433
2540,0.96274,0.0100199,0.990245,0.0450111
2560,0.962561,0.0100194,0.990147,0.0450067
2580,0.961711,0.0100153,0.990085,0.0450039
2600,0.961618,0.0100138,0.989673,0.0449851
2620,0.961987,0.010012,0.990437,0.0450199
2640,0.962183,0.0100144,0.99064,0.0450291
2660,0.962037,0.0100109,0.989535,0.0449788
2680,0.961812,0.0100092,0.990684,0.0450311
2700,0.961123,0.0100045,0.990546,0.0450248
2720,0.960711,0.0100076,0.990885,0.0450402
2740,0.961482,0.0100039,0.990845,0.0450384
2760,0.96083,0.0100016,0.99017,0.0450077
